00000000000000000000000000000000
01000010100000000011011110011110
01000011100001100110001011110000
01000010101010100001011011111010
01000001000100001010111101001000
00000000000000000000000000000000
01000010011011110000000100110110
00000000000000000000000000000000
01000010100001011100011110011000
01000011011000111101001000000010
01000011110100101001101110111010
01000011010110110101010100010110
00000000000000000000000000000000
00000000000000000000000000000000
01000010111000011011101010001000
01000010010001000101100101100010
01000010111011000100011111101100
01000011101101110101010011011110
01000011111110000101100111111100
01000011101110000001100010001100
00000000000000000000000000000000
00000000000000000000000000000000
01000010110011111110010011010100
01000010100000111100010111101110
01000011000111000110110110100010
01000011110010011111101111011010
01000011110010111100101011110110
01000011100101100010011011101000
01000010011111010100010001001010
00000000000000000000000000000000
01000010100101101011010100011100
01000010010100001110100010000110
01000011010000011011001001011100
01000011110000010110001110011000
01000011110100000011111101110000
01000011110101100110110100100100
01000011000010110001000110111110
00000000000000000000000000000000
01000001101011110100011100100000
01000010001010101001100000101110
01000011011000111001110011001100
01000011101111010010000111001010
01000011110110101000101111110100
01000011110011101100111011110010
01000011010110000010110010000110
01000011001001010110010110000100
01000010000100101001101001101110
01000010100010110101010110011000
01000011101101001011101001111010
01000011110001101000011110101000
01000100000001011101111000110110
01000011111111110000011001010010
01000011110101111001111000000100
01000011101111001101010011001100
01000011011010101110011000101110
01000010100101000101010100111110
01000011101000010100101011101000
01000011000100000100011100011010
01000011001011100101010000100010
01000011010000001111010111001010
01000011001110010110101011100110
01000010011110100010011000000010
01000010100001010001101001011010
00000000000000000000000000000000
