00000000000000000000000000000000
01000010101011101101010010100100
00000000000000000000000000000000
00000000000000000000000000000000
00000000000000000000000000000000
01000010001111010111111001011000
00111111101101010101101001111100
01000001001001000000010010101010
01000001010111110101101111000100
01000011000011011100101001101110
01000001001110110110000111100100
00000000000000000000000000000000
01000010100010100010100100000010
01000010110110011011100110101010
01000010011110010000001100010010
01000001111100011000010000101110
01000001011101111100111010001100
01000001110000001110100001110010
00000000000000000000000000000000
00000000000000000000000000000000
00000000000000000000000000000000
01000000110100101111100111001000
01000010010100100100101110000010
01000000011000100111101001001110
00000000000000000000000000000000
00000000000000000000000000000000
00000000000000000000000000000000
00000000000000000000000000000000
00000000000000000000000000000000
00000000000000000000000000000000
01000001001100011111110010001000
00000000000000000000000000000000
00000000000000000000000000000000
00000000000000000000000000000000
01000010011101100111100010000010
01000010010110101000000010011010
00000000000000000000000000000000
00000000000000000000000000000000
00000000000000000000000000000000
00000000000000000000000000000000
00000000000000000000000000000000
01000001101010001101001110000010
01000010010001000010000111010010
01000010111110010010100101010110
01000010010100011001001011110110
00000000000000000000000000000000
00000000000000000000000000000000
00000000000000000000000000000000
00000000000000000000000000000000
01000010110000110100000011001110
01000010110110001110100010100110
01000011001010011000110101011010
01000010101011000111011011011110
01000001111011001110100100110010
00000000000000000000000000000000
00000000000000000000000000000000
01000011010000011010000101100100
01000011110101111110011001101100
01000100000001101100101100000110
01000100000100111001110011001110
01000100000011100000110111111000
01000100000011001001000000101000
01000011111111000000011001010000
01000011100100001101110001110110
