00000000000000000000000000000000
00000000000000000000000000000000
00000000000000000000000000000000
00000000000000000000000000000000
01000000111111001101111010110110
00000000000000000000000000000000
00000000000000000000000000000000
00000000000000000000000000000000
00000000000000000000000000000000
00000000000000000000000000000000
00000000000000000000000000000000
00000000000000000000000000000000
00000000000000000000000000000000
00000000000000000000000000000000
00000000000000000000000000000000
00000000000000000000000000000000
00000000000000000000000000000000
00000000000000000000000000000000
00000000000000000000000000000000
01000001000111111100111101101010
00000000000000000000000000000000
00000000000000000000000000000000
00000000000000000000000000000000
00000000000000000000000000000000
00000000000000000000000000000000
00000000000000000000000000000000
00000000000000000000000000000000
00000000000000000000000000000000
00000000000000000000000000000000
01000000001101001011100100011000
00000000000000000000000000000000
01000000101000010111110010000100
00000000000000000000000000000000
01000000111001011011100010110100
01000010001011100010110101101110
01000010010101000100110110101100
00000000000000000000000000000000
00000000000000000000000000000000
00000000000000000000000000000000
01000000111100101110000111100100
01000010101001111101111100100100
01000010000001001001110101010100
00000000000000000000000000000000
01000000011110100101010001000000
00000000000000000000000000000000
00000000000000000000000000000000
01000000101011110101010111000000
01000001110001011010110111101110
00000000000000000000000000000000
01000001110111011010000000111110
01000010010001000101001001001100
01000001110101011111110011100110
01000001000010100101001001011010
00000000000000000000000000000000
00000000000000000000000000000000
00000000000000000000000000000000
01000001001010000001110100010010
00000000000000000000000000000000
00000000000000000000000000000000
00000000000000000000000000000000
00000000000000000000000000000000
00000000000000000000000000000000
00000000000000000000000000000000
01000010011100000011010010111100
00000000000000000000000000000000
01000001011011111110110101011110
01000010000010000111111010101110
01000001001110100101100111000000
00000000000000000000000000000000
00000000000000000000000000000000
00000000000000000000000000000000
00000000000000000000000000000000
00000000000000000000000000000000
00000000000000000000000000000000
00111111110111001001010100001100
00000000000000000000000000000000
00000000000000000000000000000000
00000000000000000000000000000000
00000000000000000000000000000000
01000001101010001101110001001100
00000000000000000000000000000000
01000000001110010111011100110100
01000001000011010000010110111000
00111110001111010000011111110010
00000000000000000000000000000000
00000000000000000000000000000000
00000000000000000000000000000000
01000001110110000110100010000010
00000000000000000000000000000000
00000000000000000000000000000000
01000001100011100100110010110000
00000000000000000000000000000000
00000000000000000000000000000000
00000000000000000000000000000000
00000000000000000000000000000000
01000001011100010111000001011110
01000001000000110011000101000110
01000000100000110001101101010000
00000000000000000000000000000000
00000000000000000000000000000000
00000000000000000000000000000000
00000000000000000000000000000000
00000000000000000000000000000000
01000001101001010000101100000110
00000000000000000000000000000000
00000000000000000000000000000000
00000000000000000000000000000000
00000000000000000000000000000000
00000000000000000000000000000000
00000000000000000000000000000000
00000000000000000000000000000000
01000001100011100101000000001010
00000000000000000000000000000000
00111111111011100011000111111000
01000000111101011111010001100000
00000000000000000000000000000000
00000000000000000000000000000000
00000000000000000000000000000000
01000010010000111010110010101000
01000010110111001110010001100000
01000010110010100101010011001000
00000000000000000000000000000000
00000000000000000000000000000000
00000000000000000000000000000000
00000000000000000000000000000000
00000000000000000000000000000000
00000000000000000000000000000000
01000001011001100001001111001010
00000000000000000000000000000000
00000000000000000000000000000000
00000000000000000000000000000000
00000000000000000000000000000000
00000000000000000000000000000000
00000000000000000000000000000000
00000000000000000000000000000000
00000000000000000000000000000000
00000000000000000000000000000000
00000000000000000000000000000000
00000000000000000000000000000000
00000000000000000000000000000000
00000000000000000000000000000000
00000000000000000000000000000000
00000000000000000000000000000000
00000000000000000000000000000000
00000000000000000000000000000000
00000000000000000000000000000000
00000000000000000000000000000000
00000000000000000000000000000000
01000001100100011001110111100100
01000000101100101000011001110100
00000000000000000000000000000000
00000000000000000000000000000000
00000000000000000000000000000000
00000000000000000000000000000000
00000000000000000000000000000000
00000000000000000000000000000000
01000001100111010011011101111100
01000001000011111111001100000010
00000000000000000000000000000000
00000000000000000000000000000000
00000000000000000000000000000000
00000000000000000000000000000000
00000000000000000000000000000000
00000000000000000000000000000000
01000000111100110001011111001100
01000000101101010111100010111100
00000000000000000000000000000000
00000000000000000000000000000000
00000000000000000000000000000000
01000001001010010111110101000110
01000001101000100000011101101000
01000000111010000010111110111100
00000000000000000000000000000000
00000000000000000000000000000000
00000000000000000000000000000000
00000000000000000000000000000000
00000000000000000000000000000000
01000001011110101001011011001010
01000000101011111011101010010100
00000000000000000000000000000000
00000000000000000000000000000000
00000000000000000000000000000000
00000000000000000000000000000000
00000000000000000000000000000000
00000000000000000000000000000000
00000000000000000000000000000000
01000010000000001000010001100000
00000000000000000000000000000000
00000000000000000000000000000000
00000000000000000000000000000000
00000000000000000000000000000000
00000000000000000000000000000000
01000000110001000101001001011100
01000010001001001101110010101000
01000001010110101000001100001100
00000000000000000000000000000000
00000000000000000000000000000000
00000000000000000000000000000000
00000000000000000000000000000000
00000000000000000000000000000000
00000000000000000000000000000000
01000001100000101101000011000000
00000000000000000000000000000000
00000000000000000000000000000000
00000000000000000000000000000000
00000000000000000000000000000000
00000000000000000000000000000000
00000000000000000000000000000000
00000000000000000000000000000000
01000001110110000100110001111000
00000000000000000000000000000000
00000000000000000000000000000000
00000000000000000000000000000000
00000000000000000000000000000000
00000000000000000000000000000000
00000000000000000000000000000000
00000000000000000000000000000000
00000000000000000000000000000000
00000000000000000000000000000000
00000000000000000000000000000000
00000000000000000000000000000000
00000000000000000000000000000000
00000000000000000000000000000000
00000000000000000000000000000000
00000000000000000000000000000000
00000000000000000000000000000000
00000000000000000000000000000000
00000000000000000000000000000000
00000000000000000000000000000000
00000000000000000000000000000000
00000000000000000000000000000000
00000000000000000000000000000000
00000000000000000000000000000000
00000000000000000000000000000000
00000000000000000000000000000000
00000000000000000000000000000000
00000000000000000000000000000000
00000000000000000000000000000000
00000000000000000000000000000000
00000000000000000000000000000000
01000000111111100000101011010100
01000010011000001111111101010010
01000010110011111110001110100100
01000011000111111000011000101110
01000011001111011011101001110110
01000011010011011100101110001110
01000011001011110111000101111010
01000011001010000101110010111110
01000011001111111111111010111000
01000011001111011101000001101010
01000011001111110100101000101010
01000011011000110000100100011010
01000011100000011110101101001110
01000011010000000000110110011100
01000011000110110001111010101100
01000011100001011111100101001000
