00000000000000000000000000000000
00000000000000000000000000000000
01000000110010111110110110010000
00000000000000000000000000000000
00000000000000000000000000000000
00000000000000000000000000000000
00000000000000000000000000000000
00000000000000000000000000000000
01000011000101001001011101000000
01000010000011010110001001111010
00000000000000000000000000000000
00000000000000000000000000000000
00000000000000000000000000000000
00000000000000000000000000000000
00000000000000000000000000000000
00000000000000000000000000000000
00000000000000000000000000000000
00000000000000000000000000000000
01000001111110000010101001001000
01000000110010001111011011001000
00000000000000000000000000000000
00000000000000000000000000000000
00000000000000000000000000000000
00000000000000000000000000000000
01000011010010001010011011101100
01000010100011000111001100000110
00000000000000000000000000000000
00000000000000000000000000000000
00000000000000000000000000000000
00000000000000000000000000000000
00000000000000000000000000000000
01000001100100100010111010111100
00000000000000000000000000000000
00000000000000000000000000000000
01000010001001110000101101110000
00000000000000000000000000000000
00000000000000000000000000000000
00000000000000000000000000000000
00000000000000000000000000000000
01000010000111010100001010101110
01000011010010011000111000100100
01000010011011101101111110101110
00000000000000000000000000000000
00000000000000000000000000000000
00000000000000000000000000000000
00000000000000000000000000000000
00000000000000000000000000000000
01000001000101011100100000111000
00000000000000000000000000000000
00000000000000000000000000000000
01000001100010100111101000001100
00000000000000000000000000000000
00000000000000000000000000000000
00000000000000000000000000000000
00000000000000000000000000000000
01000010100101000101100010000000
01000011000110010001000101111010
01000010011001000111010110101110
01000001110111110111011110011100
00000000000000000000000000000000
00000000000000000000000000000000
00000000000000000000000000000000
00000000000000000000000000000000
01000001011011010110110100101000
00000000000000000000000000000000
00111111111111101111000110100000
01000001110010111111100000001110
00000000000000000000000000000000
00000000000000000000000000000000
00000000000000000000000000000000
00000000000000000000000000000000
01000010101001111000101001001110
01000011001010010011011101110000
01000010011100101010110001110100
01000001101101010011010000101010
00000000000000000000000000000000
00000000000000000000000000000000
00000000000000000000000000000000
00000000000000000000000000000000
00000000000000000000000000000000
00000000000000000000000000000000
01000001000110101001111101011000
01000001001000111101100001001100
00000000000000000000000000000000
00000000000000000000000000000000
00000000000000000000000000000000
00000000000000000000000000000000
01000010011110010010110110011110
01000011000010011011111000001110
01000010110001001110001011100110
01000001110000000011111000100000
00000000000000000000000000000000
00000000000000000000000000000000
00000000000000000000000000000000
00000000000000000000000000000000
00000000000000000000000000000000
00000000000000000000000000000000
00000000000000000000000000000000
00000000000000000000000000000000
00000000000000000000000000000000
00000000000000000000000000000000
00000000000000000000000000000000
00000000000000000000000000000000
00000000000000000000000000000000
01000011000100101110101100011110
01000011000110101001100110111100
01000001010101000100101010100100
00000000000000000000000000000000
00000000000000000000000000000000
00000000000000000000000000000000
00000000000000000000000000000000
01000001001110000111010001111100
00000000000000000000000000000000
00000000000000000000000000000000
00000000000000000000000000000000
00000000000000000000000000000000
00000000000000000000000000000000
00000000000000000000000000000000
00000000000000000000000000000000
00000000000000000000000000000000
01000010011010010111101110011010
01000010101110111000010100111100
01000001110011001010110100100100
01000001100100001101010111100000
00000000000000000000000000000000
00111111111111110111100001110000
00000000000000000000000000000000
01000001011100000111011001100100
00000000000000000000000000000000
01000001101111100110000110000110
00000000000000000000000000000000
00000000000000000000000000000000
00000000000000000000000000000000
00000000000000000000000000000000
00000000000000000000000000000000
00000000000000000000000000000000
01000001111011001110010111001100
01000010100000011001101110001000
01000010110011010001110100111100
01000010000101010010000001010010
00000000000000000000000000000000
01000000000000010011101011011000
00000000000000000000000000000000
01000001000011010000100000110100
00000000000000000000000000000000
01000001110100110110011111100100
01000010010011110111101010000110
00000000000000000000000000000000
00000000000000000000000000000000
00000000000000000000000000000000
00000000000000000000000000000000
00000000000000000000000000000000
00000000000000000000000000000000
01000001000001110010011101101000
01000010111111110101011100001010
01000010101101001100000001001000
00000000000000000000000000000000
00000000000000000000000000000000
00000000000000000000000000000000
00000000000000000000000000000000
00000000000000000000000000000000
01000010000100000101000000000010
01000010100001111101110101110110
00000000000000000000000000000000
00000000000000000000000000000000
00000000000000000000000000000000
00000000000000000000000000000000
00000000000000000000000000000000
00000000000000000000000000000000
00000000000000000000000000000000
01000011001010111111011101100110
01000010100011000011101101110010
00000000000000000000000000000000
01000000101101110100011110110000
01000001001010010000001101010100
00000000000000000000000000000000
00000000000000000000000000000000
00000000000000000000000000000000
01000001110011100111000011010000
00000000000000000000000000000000
00000000000000000000000000000000
00000000000000000000000000000000
00000000000000000000000000000000
00000000000000000000000000000000
00000000000000000000000000000000
00000000000000000000000000000000
01000011000010011000100110111100
01000001010100110111001000011000
00000000000000000000000000000000
01000010000111000011001110100110
01000001110000101001100111110000
00000000000000000000000000000000
00000000000000000000000000000000
00000000000000000000000000000000
00000000000000000000000000000000
00000000000000000000000000000000
00000000000000000000000000000000
00000000000000000000000000000000
00000000000000000000000000000000
00000000000000000000000000000000
00000000000000000000000000000000
00000000000000000000000000000000
01000001111011011011011110010100
00000000000000000000000000000000
00000000000000000000000000000000
01000010011111010010110101111000
01000000101100010100001100100000
01000001100111111011011000110100
00000000000000000000000000000000
00000000000000000000000000000000
00000000000000000000000000000000
00000000000000000000000000000000
00000000000000000000000000000000
00111111111011110110110111000000
00000000000000000000000000000000
00000000000000000000000000000000
00000000000000000000000000000000
00000000000000000000000000000000
01000001110000100000010001101100
00000000000000000000000000000000
00000000000000000000000000000000
01000010101111011110011111110000
00000000000000000000000000000000
01000010010011000100101101101010
00000000000000000000000000000000
00000000000000000000000000000000
00000000000000000000000000000000
00000000000000000000000000000000
00000000000000000000000000000000
00000000000000000000000000000000
00000000000000000000000000000000
00000000000000000000000000000000
00000000000000000000000000000000
00000000000000000000000000000000
00000000000000000000000000000000
00000000000000000000000000000000
00000000000000000000000000000000
01000010010011100011010111011110
00000000000000000000000000000000
01000010000010001001110001010010
00000000000000000000000000000000
00000000000000000000000000000000
00000000000000000000000000000000
00000000000000000000000000000000
00000000000000000000000000000000
00000000000000000000000000000000
00000000000000000000000000000000
00000000000000000000000000000000
00000000000000000000000000000000
00000000000000000000000000000000
00000000000000000000000000000000
00000000000000000000000000000000
00000000000000000000000000000000
01000001010011000000100001110000
00000000000000000000000000000000
01000001100110001011010101000010
