01000010100011000110101000111100
01000010010110100101000100110000
00000000000000000000000000000000
01000010100100010011111100110110
01000010111001011000000101001110
01000011000001011100010111001010
01000010100100010011010111111010
01000010100001101111001101100010
01000011000110011000111001001000
01000010101010101110100101001110
01000011001000010001110110011010
01000011001111101110111001111010
01000010111010011011011101000010
01000011001011010000100111100100
01000011000101011011010001010100
01000010100101101101110001011100
01000010010110110110011101001000
00000000000000000000000000000000
01000010011110010111111010111100
01000010101001100111110100011110
01000010100110110101010010001010
01000010100000000110011111110100
01000010110111010101100001010100
01000010001100101110101110001000
00000000000000000000000000000000
00000000000000000000000000000000
01000010111110101001000011100000
01000010010111110111000110011100
01000001001110101001110100010100
01000001010101101000111011001000
01000010100111000110010011011110
01000010010010100101111010010110
00000000000000000000000000000000
01000000010110100101010111010010
01000010100010000111101100100110
01000010010101111111111000001000
01000010101000010011100110011010
00000000000000000000000000000000
01000010011001101100010110000000
01000001001001000100101010010000
00000000000000000000000000000000
01000001111010100110111010110010
00000000000000000000000000000000
01000001100100100010111100011010
01000010101001010001100010011110
00000000000000000000000000000000
00000000000000000000000000000000
00000000000000000000000000000000
00000000000000000000000000000000
01000010110101100100001111110100
01000011000010101011001000110000
01000011001001010010011001100000
01000010110110111111001000001010
01000010110100111011000010010110
01000010111011000111000011011100
01000010111111101010011000001000
01000011100100100000100110111010
01000011111011101110101111110000
01000011111110110100011001111100
01000100000010000111110010000000
01000100000001110101010011001000
01000100000001010011010111110100
01000011110111100010001010000100
01000011001000010100101101111100
