01000010010001110001110100011000
01000010011000111010111101011100
01000010011001000101101001100111
01000010010000100111101110010100
01000010001000001100111101010001
01000010001010001010010000110101
01000010001001101000110011010101
01000010001110101111010010101110
01000010001000101100100100111010
01000010000000011100011110010100
01000001110110111100010010101100
01000001110110110010111001111110
01000001100000100110111100111100
01000000001100101100110011100000
01000000001100110111010011000000
00000000000000000000000000000000
00000000000000000000000000000000
01000001011001101100011000110000
01000001101101001100111011111010
01000001111110110111000001011000
01000010001011001001110110000010
01000010010011100111101100001010
01000010010011000110110010010010
01000010001001000010000010011001
01000001111100011010110111101110
01000001101110010000100100100110
01000001100111100101110100100100
01000001101001011010111000011000
01000001101010010001000000011110
01000001101001000101101010001101
01000001101000100100011100110100
00000000000000000000000000000000
00000000000000000000000000000000
00000000000000000000000000000000
00000000000000000000000000000000
00000000000000000000000000000000
00000000000000000000000000000000
00000000000000000000000000000000
00000000000000000000000000000000
00000000000000000000000000000000
00000000000000000000000000000000
00000000000000000000000000000000
00000000000000000000000000000000
01000001110001010100011011010001
01000010010011001110110011010100
01000010100101111111010011001100
01000010110010000010100010000110
01000010011101111111001111010000
01000001111111000100011001101000
01000000100110000100000101011000
00000000000000000000000000000000
00000000000000000000000000000000
00000000000000000000000000000000
00000000000000000000000000000000
00000000000000000000000000000000
00000000000000000000000000000000
00000000000000000000000000000000
00000000000000000000000000000000
00000000000000000000000000000000
00000000000000000000000000000000
00000000000000000000000000000000
00000000000000000000000000000000
00000000000000000000000000000000
00000000000000000000000000000000
00000000000000000000000000000000
00000000000000000000000000000000
00000000000000000000000000000000
00000000000000000000000000000000
00000000000000000000000000000000
00000000000000000000000000000000
00000000000000000000000000000000
00000000000000000000000000000000
01000001000001001010101001010000
01000001001011101101111011100100
01000000100010100001111010011000
01000001110011100110000111101000
01000010001001011100110100100000
01000010100000100010100010010000
01000010100011101111000101011000
01000010011101100100011000010000
01000010011100101011110010101100
01000001111000100000111010110010
01000001010101100101110001010000
01000001010101000111100011000000
01000000111101100011001001100000
00111101010000101110101100000000
00000000000000000000000000000000
00000000000000000000000000000000
00000000000000000000000000000000
00000000000000000000000000000000
00000000000000000000000000000000
00000000000000000000000000000000
00000000000000000000000000000000
00000000000000000000000000000000
00000000000000000000000000000000
00000000000000000000000000000000
00000000000000000000000000000000
00000000000000000000000000000000
00000000000000000000000000000000
00000000000000000000000000000000
00000000000000000000000000000000
00000000000000000000000000000000
00000000000000000000000000000000
00000000000000000000000000000000
01000000000000110100110001100000
01000000110111010011011111010100
01000000100100100010101011100100
00000000000000000000000000000000
01000001000001100001111001000000
01000001111010010010000011110000
01000001110101011000110000010000
01000010000000101011100001001000
01000010001000100001101111110000
01000000101110011001011111111000
00000000000000000000000000000000
01000000100001101011001011111000
00111111110110110111111101000000
01000000011010110111000011101000
00000000000000000000000000000000
00000000000000000000000000000000
00000000000000000000000000000000
00000000000000000000000000000000
00000000000000000000000000000000
00000000000000000000000000000000
00000000000000000000000000000000
00000000000000000000000000000000
00000000000000000000000000000000
00000000000000000000000000000000
00000000000000000000000000000000
00000000000000000000000000000000
00000000000000000000000000000000
00000000000000000000000000000000
00000000000000000000000000000000
01000000000111110110110101010000
01000000111001010111000100001000
00000000000000000000000000000000
01000000111110000110010110001000
01000000100010010000100001111000
01000000101001011001011110010000
00000000000000000000000000000000
00000000000000000000000000000000
00111111010000100101111100000000
01000001000101100000010100000000
01000010010000100000011010000000
01000010001001101000001010001100
01000000110100001110110001001000
00000000000000000000000000000000
00000000000000000000000000000000
00000000000000000000000000000000
00000000000000000000000000000000
00000000000000000000000000000000
00000000000000000000000000000000
00000000000000000000000000000000
00000000000000000000000000000000
00000000000000000000000000000000
00000000000000000000000000000000
00000000000000000000000000000000
00000000000000000000000000000000
00000000000000000000000000000000
00000000000000000000000000000000
00000000000000000000000000000000
00000000000000000000000000000000
00000000000000000000000000000000
00000000000000000000000000000000
00000000000000000000000000000000
00000000000000000000000000000000
01000000100100011101100010101000
01000001000100100110010010110010
01000001001000100100010001110110
00000000000000000000000000000000
00000000000000000000000000000000
00000000000000000000000000000000
00000000000000000000000000000000
00000000000000000000000000000000
01000000101001001010001001000000
01000010001010110100110111100000
01000001111010100001000100000100
01000001100010100011101101100100
01000000000101111101111010011000
00000000000000000000000000000000
01000000100101000111100111000100
01000001001010001001111010110010
01000001010110011111100010111100
01000001001110000110001000010100
01000000101010100010010110001000
00000000000000000000000000000000
00000000000000000000000000000000
00000000000000000000000000000000
00000000000000000000000000000000
00000000000000000000000000000000
00000000000000000000000000000000
00000000000000000000000000000000
00000000000000000000000000000000
00000000000000000000000000000000
00000000000000000000000000000000
00000000000000000000000000000000
00000000000000000000000000000000
00000000000000000000000000000000
00000000000000000000000000000000
01000001001101011100001111011110
01000001001001001110011111010010
01000000100001110100111101100000
00000000000000000000000000000000
00000000000000000000000000000000
00000000000000000000000000000000
00000000000000000000000000000000
01000001000001000110001001100000
01000001011101110111011000100000
00000000000000000000000000000000
01000001001100000110101010011100
01000000101001010100011101001000
00000000000000000000000000000000
00000000000000000000000000000000
00000000000000000000000000000000
00000000000000000000000000000000
01000001001100110011111011110100
01000001010101000000101110100000
01000000110101101001001111000000
00000000000000000000000000000000
00000000000000000000000000000000
00000000000000000000000000000000
00000000000000000000000000000000
00000000000000000000000000000000
00000000000000000000000000000000
00000000000000000000000000000000
00000000000000000000000000000000
00000000000000000000000000000000
00000000000000000000000000000000
00000000000000000000000000000000
00000000000000000000000000000000
01000000100000000100011010100000
00000000000000000000000000000000
00000000000000000000000000000000
01000000100011001011001001010000
01000000110111001011011111101000
01000001010010000100100100000000
00000000000000000000000000000000
00000000000000000000000000000000
01000001110001011001111101100000
01000001000110111010111011101000
00000000000000000000000000000000
00000000000000000000000000000000
00000000000000000000000000000000
01000000010001101010110101010000
00000000000000000000000000000000
00000000000000000000000000000000
00000000000000000000000000000000
00000000000000000000000000000000
00111111101000001011100001110000
01000000100111101011000111000100
01000000100001100001011100100000
00000000000000000000000000000000
00000000000000000000000000000000
00000000000000000000000000000000
00000000000000000000000000000000
00000000000000000000000000000000
00000000000000000000000000000000
00000000000000000000000000000000
00000000000000000000000000000000
00000000000000000000000000000000
01000000001110010100001111001000
01000000111001110110101010000100
01000000111001101011100000001100
01000001011111001110100010100000
01000001100011001001100000110000
01000001101010101101010101000000
01000010001010010110011000001110
01000010000011011101110011111010
00000000000000000000000000000000
01000001101001100010101101010000
01000010000101101100010010011000
01000010000111000111010101110100
01000001110011001000100111011010
01000001000101011010111011001000
01000001011010001000100000111000
01000000010011111000001100110000
01000000011111101110011111101000
01000000000110110111010010100100
00000000000000000000000000000000
00000000000000000000000000000000
00000000000000000000000000000000
00000000000000000000000000000000
00111111010001010011000110000000
00000000000000000000000000000000
00000000000000000000000000000000
00000000000000000000000000000000
00000000000000000000000000000000
00000000000000000000000000000000
00000000000000000000000000000000
00000000000000000000000000000000
00000000000000000000000000000000
00000000000000000000000000000000
01000000100111001010010001000000
01000001001101100101111000011010
00000000000000000000000000000000
00000000000000000000000000000000
00111111110001000110000001100000
00000000000000000000000000000000
01000001100111111100010001001000
00000000000000000000000000000000
00000000000000000000000000000000
01000010001101101110111000111000
01000010000010110100000111110000
01000001110011011100001110101000
01000001110100011110100110010000
01000010001001110001001000000110
01000010000001001010110110001110
01000001100001110100001011001100
01000000111100110111001000110100
00111111010001010111111100010000
01000000111000100011001010110000
00111111101101000001001111010000
01000000001100111000101111111000
01000000111111100000111101100000
01000001010010001001111110000110
01000001001101111010011010010100
01000000001011110001101010010000
00000000000000000000000000000000
00000000000000000000000000000000
00000000000000000000000000000000
00000000000000000000000000000000
00000000000000000000000000000000
00000000000000000000000000000000
00000000000000000000000000000000
00000000000000000000000000000000
00111111100000111111010011110000
00000000000000000000000000000000
00000000000000000000000000000000
00000000000000000000000000000000
01000000010111111010001101100000
01000001011001000111000000001000
00000000000000000000000000000000
01000000111011110000111111000000
01000010010110101100110111010000
01000010001101011101101111000000
00000000000000000000000000000000
00000000000000000000000000000000
00000000000000000000000000000000
00000000000000000000000000000000
01000000101110100111101111100000
00000000000000000000000000000000
00000000000000000000000000000000
01000001001001110110011000011010
01000000111011010111100110100000
01000000101110001101110001000000
00000000000000000000000000000000
01000000100010011101100100010000
01000001000100010111011001111110
01000000110001111011101110100000
00000000000000000000000000000000
00000000000000000000000000000000
00000000000000000000000000000000
00000000000000000000000000000000
01000001000010110111101100001000
01000001000111001000001010011110
00111111011001111101001111100000
00000000000000000000000000000000
00000000000000000000000000000000
00000000000000000000000000000000
00000000000000000000000000000000
00111111100010100111001100000000
01000010000101101011101100100010
01000001100111010100001111000000
01000001100011011001000000101000
01000001100111101011000111010000
01000010000010000011100010101000
01000010101011011000101111101100
01000010010011011100000111001100
01000001001001110000010100110000
00000000000000000000000000000000
00000000000000000000000000000000
00000000000000000000000000000000
01000000000001110011101111110100
01000000001000001100001000000000
01000000100000001111100110000000
01000000101110101110111011011000
01000000100011011101110001000000
00000000000000000000000000000000
00000000000000000000000000000000
01000000101010111101000000011000
01000001001010010100000000100010
01000001011111001100101011100110
01000001101101010010011101011010
01000000010101101100100000000000
00000000000000000000000000000000
00000000000000000000000000000000
01000001010000111111111111101000
01000000111000110000111010111000
01000000000011000010100110110000
00111110110101111010011000000000
00111111000111111011011011100000
00111111100001101010000010100000
01000001011110011100101011100110
00111110000101000010001100000000
00000000000000000000000000000000
01000001100001111110000111100000
01000001011111111010011000000000
01000001001111000101001111000000
01000010001110010011001111011000
01000010100001100100100011001100
01000001111100100011010101111000
01000000111110101011000011110000
00000000000000000000000000000000
00000000000000000000000000000000
00000000000000000000000000000000
01000000011010111011101000000000
00111110111100000001110010000000
01000000001011011000010001110000
01000000110110001110101110001000
01000001000011010011101101000000
01000000100001101010111010101100
01000000100011000001011011101000
00111110010100101010000110000000
00000000000000000000000000000000
00000000000000000000000000000000
00000000000000000000000000000000
00000000000000000000000000000000
00000000000000000000000000000000
00000000000000000000000000000000
00111111100001101101110100010000
01000000000010100110110101011000
00000000000000000000000000000000
00000000000000000000000000000000
01000001001100011101001001010010
01000001110100000000000000011110
00000000000000000000000000000000
01000001011000001111111011010000
01000001101001011100110111100000
01000001101100001000110011100000
01000001100001110000110000010000
01000001100110101100000100000000
01000010010000010000101111010000
01000010000111101110101001011100
01000001111000001111101011001000
01000001000011000111111101010000
00111101100001001001111100000000
00000000000000000000000000000000
01000001000010011101010100111110
01000000101001010011010111110000
01000000101111010110100111110000
01000000110001011000011100111000
01000000110001100110100100001100
01000000111000101010100111010100
01000000011110110010101110010000
01000000010001110111111110110000
00000000000000000000000000000000
00000000000000000000000000000000
00000000000000000000000000000000
00000000000000000000000000000000
00000000000000000000000000000000
00000000000000000000000000000000
01000000001011000111111011110000
01000001001010000000001000110000
01000000101111001110000010100000
01000000101010100110001000100000
01000001000011011010001010001000
01000000111111010101111001101000
00000000000000000000000000000000
01000001111010111000100110000000
01000010010101111010010010011000
01000010011011101101010001001100
01000010011110011111011010111000
01000010001010000111110011001000
01000010000110101001100010000000
01000010000111101011011001010100
01000010000111110100000111110100
01000001011101010101001111101100
00111111011000100010110100110000
00111111001010011000010101000000
00000000000000000000000000000000
00111111101111000000010011100000
01000000001001010101011110000000
00000000000000000000000000000000
01000000000100011000000101010000
01000000110100110000011010010000
01000000111010010110101001011000
01000001010001110100101101111000
01000001000000010101000010000100
00000000000000000000000000000000
00000000000000000000000000000000
00000000000000000000000000000000
00111111111001100101100001100000
01000001001100010001000100111100
01000000100000100000010110101000
00111111010010011100111111000000
01000000110010010001101011101000
00000000000000000000000000000000
00111010111000000000000000000000
00000000000000000000000000000000
00000000000000000000000000000000
00000000000000000000000000000000
00000000000000000000000000000000
00000000000000000000000000000000
00000000000000000000000000000000
01000010000010010000001111110000
01000001110011110000100001000000
01000001101111100100111011100000
01000001100111100101000000111000
01000000100111011101010110101000
00000000000000000000000000000000
00000000000000000000000000000000
00000000000000000000000000000000
00000000000000000000000000000000
00000000000000000000000000000000
01000000000100100111111001001000
00000000000000000000000000000000
00000000000000000000000000000000
00111111001111011100110010000000
00000000000000000000000000000000
00111111010111000100110111000000
00000000000000000000000000000000
00000000000000000000000000000000
00000000000000000000000000000000
00000000000000000000000000000000
00111111011100000111011110000000
00000000000000000000000000000000
00000000000000000000000000000000
01000001001110000001110111100000
01000001010110000101011101000000
01000001110101000100011100101000
00000000000000000000000000000000
00000000000000000000000000000000
00000000000000000000000000000000
00000000000000000000000000000000
00000000000000000000000000000000
00000000000000000000000000000000
00000000000000000000000000000000
00111111100101111101000100000000
01000001111000100010111111111000
01000001101001100111001110011000
00000000000000000000000000000000
00000000000000000000000000000000
00000000000000000000000000000000
01000000100010000101010111111000
01000000111011100000101110111000
01000000100000001100000000101000
01000001000101100001100010000000
01000000100100111100110011110000
00111111100101011100101111000000
00000000000000000000000000000000
00000000000000000000000000000000
00000000000000000000000000000000
00000000000000000000000000000000
00000000000000000000000000000000
00000000000000000000000000000000
00000000000000000000000000000000
01000000110001100010110100100000
01000001001010100111100100111100
01000000111011000010010110111000
01000000001000110111010110100000
01000001001001010101100110100000
01000001111000110110011011010110
01000000010110100000101001100000
01000000111100110100011011100000
01000001000000010010011010110000
01000000010100101011001101100000
01000001101000111111111110001000
00000000000000000000000000000000
00000000000000000000000000000000
00000000000000000000000000000000
01000001100011011110100001101000
01000010001011000011101011011000
01000010011111111001111100011110
01000001101000111010000011100100
01000010000010001111101111101010
01000001101001000011010000000000
01000001011111100000010111010000
01000001011001000010011100100100
01000000011011111101110011000000
01000000111001111001010100101000
01000001011011000110001010100100
01000000111010011001111001010000
01000000101100100101000101001000
00111110111101011101010101000000
00000000000000000000000000000000
00000000000000000000000000000000
00000000000000000000000000000000
00000000000000000000000000000000
00111110111001001111010010000000
00000000000000000000000000000000
01000000011011111001101110110000
00000000000000000000000000000000
00000000000000000000000000000000
01000000100110010110001110110000
01000001111010001110001000100000
01000010001101101101101000010000
01000001100001100101001100010000
00000000000000000000000000000000
00000000000000000000000000000000
01000001100100000101110000101100
00000000000000000000000000000000
01000001001011011111100010000000
01000010000001000001001101001100
01000010000111110001001010001100
01000010001001100110101111101100
01000001011100000000000101000000
01000001111011001000110111010000
00000000000000000000000000000000
01000000011001110110000110110000
01000000110110001111100000001000
01000001000011101100100011111000
01000001001010100101010110010100
01000000101100000111110010010000
01000000111000110101100100110000
01000001000100100000100110000000
01000001000101011011110101000000
01000001001001001011011110110100
00000000000000000000000000000000
00000000000000000000000000000000
00000000000000000000000000000000
00000000000000000000000000000000
00000000000000000000000000000000
00000000000000000000000000000000
00000000000000000000000000000000
01000000100110000011101101111000
00000000000000000000000000000000
00111110010110110101000000000000
01000010001101011010111101011100
01000010011111101010111110011000
01000010000100111010011110110100
01000001110101100111001100100100
01000010000100101110101101111100
01000010000000000101111100001000
01000010010110001010111100010000
01000010011101100100000000111000
01000010010010101101001010100000
01000001001010000010100010110000
01000000100010000111000100100000
01000001100110000011100111001000
01000001010100111111111100101000
01000000001111011111001100100000
01000000110110110011000011101000
01000000101111100110001010010000
01000001001010101010110001110100
00000000000000000000000000000000
00000000000000000000000000000000
00000000000000000000000000000000
01000000001111010101101000010000
01000001011110110000111110100000
00000000000000000000000000000000
01000000110001010101110010010000
01000001101001011101111011011100
00000000000000000000000000000000
00000000000000000000000000000000
00000000000000000000000000000000
00000000000000000000000000000000
01000000111011010011101111101000
01000000010100010110111100100000
00000000000000000000000000000000
01000001111001011111000000010000
01000010001010111101101101111000
01000001110111111010100010010000
01000001001110101111100001100000
00000000000000000000000000000000
00000000000000000000000000000000
01000001001111010111001100100000
01000010000011001111111101001000
01000010001101101000001101110000
01000001111010111001000000101000
01000010010100110110001100100000
01000010001000110110000100001000
01000001001010101110000011110000
00000000000000000000000000000000
00000000000000000000000000000000
00000000000000000000000000000000
00000000000000000000000000000000
00000000000000000000000000000000
00111101001000110100000000000000
00000000000000000000000000000000
00000000000000000000000000000000
01000000101001101000111011110100
00000000000000000000000000000000
01000001100001010000000101000100
01000010011010101101111011110000
01000010001000100011011110000000
01000001100110010011011011010100
00000000000000000000000000000000
00000000000000000000000000000000
00000000000000000000000000000000
00000000000000000000000000000000
00000000000000000000000000000000
01000001001001110101100010010000
01000010000100100100001001101000
01000010010010010101001000101000
01000010001101110010101010101000
01000001011111110000010110000000
00000000000000000000000000000000
00000000000000000000000000000000
01000001100110010110000000010000
01000001101001001011110001001000
01000000111100100110011110100000
01000010000011010000000110110000
01000001110101011111010100100000
01000000111100111110011010000000
00000000000000000000000000000000
00000000000000000000000000000000
00000000000000000000000000000000
00000000000000000000000000000000
00000000000000000000000000000000
00000000000000000000000000000000
01000000100101110011101100100000
01000000101000000110010100101000
01000001001100100010100011110100
00000000000000000000000000000000
01000000100001101011011111100000
01000010001010100010010011000100
01000010010100000001000110001000
01000010001000001011000100011100
01000001001001000100010010010000
00000000000000000000000000000000
00000000000000000000000000000000
00000000000000000000000000000000
00000000000000000000000000000000
00000000000000000000000000000000
01000000110100010011010101100000
01000010000101101000011111011100
01000010001111101010111001110000
01000010000011111101100001001000
01000010000011110010000101010000
01000010001010001111110100001000
01000010001000111001111100110000
01000001010001011010111101110000
00000000000000000000000000000000
00111111110110010011101010000000
01000001101011110101000001001000
01000001100011111010101111000100
01000000110010101000110100101000
01000001001101111011000100101000
01000001100010100011101011101010
01000001001110000100111001001000
00000000000000000000000000000000
00000000000000000000000000000000
00000000000000000000000000000000
01000000101010110110010000010100
01000001001111000100101000110100
00000000000000000000000000000000
00000000000000000000000000000000
01000001101001110010111100100000
01000010000010010111110000100100
01000010001100110000001110110000
01000010000001010000010101100000
01000001001100110000010100001000
00000000000000000000000000000000
00000000000000000000000000000000
00000000000000000000000000000000
00000000000000000000000000000000
00000000000000000000000000000000
01000001000100110111000011000000
01000001101011000010001101110000
01000001011101100000010000100000
01000001000011010101100101000000
01000000100100100110101011000000
00000000000000000000000000000000
01000000101001000101010110100000
01000001010010111111011010010000
01000000111100100100010010100000
01000001110100000011110111101000
01000001011100000010101101101000
01000000011010101111111000000000
00000000000000000000000000000000
00000000000000000000000000000000
01000000000111110000111001100000
01000001010010100000111000011000
01000000101110001110000000110000
01000000101011101001110000100000
01000000110000100000111111010100
00000000000000000000000000000000
00000000000000000000000000000000
00000000000000000000000000000000
01000001010000110010100011010000
01000000100001101011011000000000
01000001011111101111011011000000
01000001101100000101101110011000
01000001110011101011111100001100
01000001110001110000000111010000
01000001100010000100100000010100
00111111111011011011000111000000
00000000000000000000000000000000
00000000000000000000000000000000
00000000000000000000000000000000
00000000000000000000000000000000
00000000000000000000000000000000
01000000011100000110011001000000
01000001010000011101111010100000
01000000111101111000011001100000
01000001100100000001001100111000
01000001101000010111110000110000
01000001001101001011110000110000
01000001000111110111001110100000
00000000000000000000000000000000
00000000000000000000000000000000
00000000000000000000000000000000
00111111110100111101111100000000
01000001100000001011011101110100
01000001100001011110000010010000
01000001100000101101011010101100
01000001011101111100110110010000
01000000110010011010001110011000
00000000000000000000000000000000
00000000000000000000000000000000
00000000000000000000000000000000
01000000001100100010110001000000
00111110110101100011110000000000
01000001000100111110111000100000
01000001101010111011011000111000
01000010001111101110101011001000
01000010010000111000000000011000
01000010000001010001000111001000
01000001101011100101000100110000
01000000101101101111001011000000
00000000000000000000000000000000
00000000000000000000000000000000
00000000000000000000000000000000
00000000000000000000000000000000
01000001100110001100011101110000
01000001111111110111101101010000
01000001101110000100010001110000
01000001101000110010101111100000
01000001011101101110111000100000
01000001110100001001001100011000
01000001110110100101011001011000
01000001100111000011010101010000
01000010001100011100010111100100
01000010000111101111100111110000
01000010010010101111000011000000
01000010000101110101011010010000
01000000010001000001100111000000
01000000010101110011001110100000
00111110111000100100011100000000
00111111010000010100000101100000
00000000000000000000000000000000
00111111100111010100010000000000
00000000000000000000000000000000
00111111100010100001111110000000
01000001001011000001110101110000
01000001100110101110011001010000
01000001110101111111100101100000
01000010001000000000001110100100
01000010000011010101111111110100
01000010000010001100011111001000
01000001111001010001000011111000
01000001101111000101010111001000
01000000010110000001111001000000
00000000000000000000000000000000
00000000000000000000000000000000
00000000000000000000000000000000
00000000000000000000000000000000
00000000000000000000000000000000
01000001000000011111000101000000
01000001101111101001110001010000
01000010000111101110101101110000
01000010100100111111000111111100
01000010100100110101000001011110
01000010100011011011010000011100
01000010010110100100001001100000
01000010011001100110011011000000
01000010011001001001111000111000
01000010001111111011010100110100
01000001101101100101001001011000
01000001100010101100010110101000
01000001010000001110101101110000
00000000000000000000000000000000
00000000000000000000000000000000
01000001000100000010011100100000
00000000000000000000000000000000
00000000000000000000000000000000
00000000000000000000000000000000
00000000000000000000000000000000
00000000000000000000000000000000
01000001010000100011111001100000
01000001100101001111000110101000
01000001111000101000111001110000
01000001111001011000100011110000
01000010001101011010101101101000
01000010011001100100111001111000
01000010010011001010000010101100
01000001001001001011010010110000
01000000111111010010101100100000
01000001101100111011100011010000
01000001110101111000110111010000
01000001111100010111101001110000
01000001111110011101100110110000
01000010000110010001111011010000
01000010011001111110001011001000
01000010100100010001100010101000
01000010011101101001110010001000
01000010000101001100000001111000
01000010000111110100011011110000
01000010001000001011101011101000
01000010000011011000010111100000
01000001111100100101111010010000
01000010000001000011110000100010
01000001101001101011100101011000
00000000000000000000000000000000
01000000101000101011000010000000
01000001001001000110111101110000
00000000000000000000000000000000
00000000000000000000000000000000
00000000000000000000000000000000
00000000000000000000000000000000
00000000000000000000000000000000
00000000000000000000000000000000
01000001000011110111011101100000
01000001100001101010000010000000
01000001101101110011110110100000
01000001100001000110110100010000
01000010001010011000111110011000
01000010010110110010110011001100
01000001110111101111001010100000
01000001000111001001110111000000
01000001100101011011010000111000
01000001100100000010000110010000
01000001100111010011110111110000
01000001101001001100101011000000
01000001101000110110011100110000
01000001110000101010011001110000
01000001110100110100111110110000
01000001101100000110001010100000
01000001101000000110101100100000
01000001101111111001001111100000
01000001111100101110110110000000
01000001100011001001010001010000
01000001101001010011000111100000
01000010000100001111111110110110
01000000100001101100110011000000
01000000010001011111000010100000
01000001100011011100101000001000
01000001001110000000111100010000
00000000000000000000000000000000
00000000000000000000000000000000
00111100111100110011000000000000
01000000110110010000011011110000
00000000000000000000000000000000
01000000100010101010111111100000
01000001010110001111100000000000
01000001001100110011000111100000
01000001100100111100100100000000
01000001011000011000011000100000
01000001010001000001000001100000
01000001111010010110000011010000
01000001100110100101111111100000
01000001001011011110011011100000
01000000111111011000011100100000
01000000111110101000011110000000
01000001011101100011011001000000
01000001100110010010110100000000
01000001100111000011000010010000
01000001100111101011101111100000
01000001100010100100011111010000
01000001100010101100011110110000
01000001100111100101000110100000
01000001110010010100011111000000
01000001111010010010011001100000
01000001100111111011110000010000
01000010001001000110101100001000
01000010000000111001111110110100
01000001000001111110011101010000
01000001011011110000100111110000
01000001001110101100111000110000
01000000110001011010110011100000
00000000000000000000000000000000
00000000000000000000000000000000
00000000000000000000000000000000
00111110110000101100101100000000
00000000000000000000000000000000
01000001100010110000011110011000
01000001111000101110110111100000
01000001101110111001001111000000
01000001011111100001111111100000
01000001100001100001011100100000
01000001101010110010010000100000
01000001011100101111010000000000
01000001010011010001100100000000
01000001010101110000101110100000
01000001000001111011111101010000
01000000101110101000100110000000
01000001010000100110111000100000
01000001100001100001101001000000
01000001100010010011010100000000
01000001011000110110110110000000
01000001011011001111011111100000
01000001100011011111100110110000
01000001101000101011010000010000
01000001110001000100011001110000
01000001110100000110011101010000
01000010000001000010101001001000
01000010010011011111011011010000
01000001110000001000000110010000
01000001101001011010010111000000
01000001101000000111011100101000
01000001100000101010000110011000
01000001001000001001001100000000
01000001001101101001100100110000
01000010010001000001010001000110
01000010100001011111000001010010
01000010101000010001010110000110
01000010110010101000011011010110
01000010111010011011111110101110
01000010111110111010011100011100
01000010111110010110000001011000
01000010111010011001010001101110
01000010111001001000100011001000
01000010111000111000101010111000
01000010110001001001111111110100
01000010101101011110101011101110
01000010110000100011111110000000
01000010110000111110100001100010
01000010101110100110001001100100
01000010110000001111000110000100
01000010110001001011101101000000
01000010110000111101101011111110
01000010110010000101111011000100
01000010110101100110101001001010
01000010111001110101100011110100
01000010111101011111100100010100
01000010111111101101010111011100
01000010111101001000110110110000
01000010111010011011111011110000
01000010110001000001101000001110
01000010101010000100011000100000
01000010101101101111001110010000
01000010101110111000110110010100
01000010101110000110001000101000
01000010101101111001111111011100
