01000010110101101100101000101100
01000010010110110110101111010110
00000000000000000000000000000000
00000000000000000000000000000000
00000000000000000000000000000000
00000000000000000000000000000000
01000010110111101111000111101010
01000010101010100110111101011110
00000000000000000000000000000000
00000000000000000000000000000000
01000001011011111001100101110100
01000001111010010101001101001110
01000010000010101000100001101010
01000010001000001000111001010010
01000010010100010101100101001000
00000000000000000000000000000000
01000011000110111110010001010110
01000010101111100010010010011010
00000000000000000000000000000000
00000000000000000000000000000000
00000000000000000000000000000000
01000010001111111000001100001110
01000011100001001011101000100010
01000010011110111011001000000110
00000000000000000000000000000000
00000000000000000000000000000000
00111100010100001111000000110000
01000001100110111100000010111110
01000010001110110110111001010110
01000010100101110111001010110100
01000010110000000011000001011000
00000000000000000000000000000000
01000011001110101101000011110110
01000010101101011000100110010010
00000000000000000000000000000000
00000000000000000000000000000000
00111111111111100000110011000000
01000011001001001010000111111100
01000011101111000111110011101100
00000000000000000000000000000000
00000000000000000000000000000000
00000000000000000000000000000000
00000000000000000000000000000000
01000001100101010010110111000110
01000010000101110100110010000000
01000010101100110000010011110100
01000010111010011100110110111100
01000000101101000110100010001000
01000011001001101000101010110010
01000010000001101001101011100110
00000000000000000000000000000000
01000000100110011010000000011000
01000000100001110100000100011000
01000011001101100110101111100000
01000011101110000011001011010000
00000000000000000000000000000000
00000000000000000000000000000000
00000000000000000000000000000000
00000000000000000000000000000000
00000000000000000000000000000000
01000001011000010000001110110000
01000010010111110101011100101110
01000010101110101010110010010110
01000001101011101110100110001010
01000010110011000101011000100100
01000000000111000011011100010000
00000000000000000000000000000000
00111111011100001001101101000000
01000010001010110011101110101110
01000011010110010011111101101100
01000011010110101110100100010010
00000000000000000000000000000000
00000000000000000000000000000000
00000000000000000000000000000000
00000000000000000000000000000000
01000001001010000110001110011010
01000001000111111100111110100100
01000001010000010100001100111000
01000010100000010011101010111010
01000001000100110010100011011100
01000010010011000111111010010010
00000000000000000000000000000000
00000000000000000000000000000000
00000000000000000000000000000000
01000010110111010111010001100100
01000011011000011111101001010110
01000010110100101100010110000000
00000000000000000000000000000000
00000000000000000000000000000000
00000000000000000000000000000000
00000000000000000000000000000000
01000001111100111001110011110100
00000000000000000000000000000000
00000000000000000000000000000000
01000010010000111100001001110000
01000001100100011000000111000110
01000010000100101110111010111000
00111111110010000011010011010000
00000000000000000000000000000000
01000001011011010110111000010100
01000011010100110000100001101110
01000011000110011111010101000010
01000010010101110000100101100110
01000010101011000101010001101100
00000000000000000000000000000000
00000000000000000000000000000000
01000000011010101011110100000000
01000001111011000001101111011010
00000000000000000000000000000000
01000000001110111110111111000000
01000010000100001100110110100010
01000001000100000011110101100100
01000010000111101000000100000110
01000000100011111110111010100000
00000000000000000000000000000000
01000010100111001011110001000110
01000011011110110001001100010100
01000010101100010100010011001000
01000010100111110010001111110010
01000011000011001000011100010010
00000000000000000000000000000000
00000000000000000000000000000000
00111111011010000111100010000000
00000000000000000000000000000000
00000000000000000000000000000000
01000001000111010111011111100100
01000001111000010110001011010110
00000000000000000000000000000000
01000010100000110100101111111110
00000000000000000000000000000000
00000000000000000000000000000000
01000010111111100011110100101100
01000011010011000101000010000100
00000000000000000000000000000000
01000010001101011001110011111110
01000011000011000011111110000010
00000000000000000000000000000000
00000000000000000000000000000000
00000000000000000000000000000000
00000000000000000000000000000000
01000001001111010111011001011100
00111100110110000010011000011000
01000000010001110111111110000000
00000000000000000000000000000000
01000010110001110011010111000010
00000000000000000000000000000000
00000000000000000000000000000000
01000010110011111000010100110000
01000011000010100110000011111110
00000000000000000000000000000000
01000010101111111101111111101000
01000011000111001110101100000110
00000000000000000000000000000000
01000010101101010000100000011100
00000000000000000000000000000000
00000000000000000000000000000000
01000001100110010101111011101110
00111111110011001110101110100000
01000001000100000110000110111000
00000000000000000000000000000000
01000011000111100100101011001000
00000000000000000000000000000000
00000000000000000000000000000000
01000010100000011010100100100010
01000011000101001001000000110000
01000001111100010011110011000110
01000010111101100111010010100110
01000010101000111110001000000110
01000010100001100011101100011110
01000010110010110111110100100010
00000000000000000000000000000000
00000000000000000000000000000000
01000001101100110011000111111110
01000001101001110100111110000110
01000001100100001100111100100100
01000001000011000010100000010100
01000011010101110101110110110000
00000000000000000000000000000000
00000000000000000000000000000000
01000010001110011110001001111110
01000011001110010100010110011100
01000010101100100110001110110100
01000010110101110110111001100110
01000010110110101110000011011110
01000010110111101101110000110100
01000010011001111101110111000110
00000000000000000000000000000000
00000000000000000000000000000000
01000010001111111100000000110000
00000000000000000000000000000000
01000001010011110111001010001100
01000010000100010011011110101110
01000011011001100001110110011010
00000000000000000000000000000000
00000000000000000000000000000000
01000010101011000010101010111010
01000011001000111110010100001000
01000010010110011101110000100010
01000010101110000110110110010110
01000010110111110101101011101010
01000010110110111011000101111000
01000001100010011100100101110110
00000000000000000000000000000000
01000001110110100000100100010010
01000010100001101001001000001110
00000000000000000000000000000000
00000000000000000000000000000000
01000010011000100111001100001010
01000011010100010101110000110000
01000001111101000111010111000110
01000010101010001101000111100100
01000011000010101111110101111100
01000010101101101110001111100110
01000010100000010101101111100000
01000010110101100110101001111110
01000010111011101101101011101010
01000010111110001011000111111110
01000010001111010000111001111110
01000001000001001101011110011100
01000010110111110011010010110000
01000010011011111000010111101110
00000000000000000000000000000000
01000010001101111111010101101000
01000001111110101100100000011110
01000011001000001011011010101110
01000001100100101010111100001110
01000010110110100010001100000010
01000010011110001111010111111110
01000001011010100011001010011100
01000000000110001100010101110000
01000001111000000110111110101110
01000010101000010000100000001010
01000010100011100110100010000110
01000001101011010011001111001110
01000001110110101000010011111110
01000010001010010111100011101110
00000000000000000000000000000000
00000000000000000000000000000000
01000010100000111011110111100100
00000000000000000000000000000000
01000011000001101010110000101110
01000010101011111111001001111110
01000011001000110101100100111010
01000010101110101001000110011110
01000010100110001100111100110110
01000010011011011010101000110110
01000010100011111000101001101010
01000010111001111010111111111110
01000010110111001111101110000110
01000010101010011100111111100110
01000010110100011001011101100110
01000010101111100011101001101110
01000001101011110001110011001110
00000000000000000000000000000000
01000010110101001000010001001000
00000000000000000000000000000000
