01000001010110101101001101100110
01000011000110111110000011100000
01000011000001010011010001100010
01000010001111111011011111001100
01000011001011000001110100101010
00000000000000000000000000000000
01000000111000000110001011011000
01000001100010001110110111110110
01000010001010010001000110001000
01000011011001010001101001101000
01000010110110111110001110010110
01000010100101000111011001111110
01000011101011110001110100110110
01000001000000000101100000101100
01000010000100011010001011010100
01000010010100100100111100011110
01000010101011000101101000001000
01000011001111110010111001101010
01000010101101100010111001001100
01000011000010011100000010000010
01000011100011000011101001000010
01000010110101000001101011111010
01000001111110001110111011110010
01000010010000110001111011110100
01000010101101000000111010100010
01000011001100110110110010010110
01000010110000011100001010100110
01000011100010000011000010100100
01000011000110110001011011010010
01000010101110001011100010010010
01000001111111001100100101000110
01000001100100001001000110010110
01000010101100110010001101111010
01000011001101010000011101111000
01000011001110101111000101100100
01000011010100101100100000110110
01000010110101110001100100111000
01000011001100110110010100000110
01000001110111100011110101001110
01000010001010110101101010010110
01000011000101110010111011011110
01000011010100000001001110111100
01000011010011001000011000101110
01000011011100100001010110111010
01000011000000110110001000101110
01000011010100110100101100100000
01000010110010001000011010111010
01000001101110010010011101010000
01000010111011010011101101001010
01000010110111010010101010110110
01000010001001110011101000100000
01000010100001111111011110101100
01000000111001000011101111001000
01000010000011010101011100111100
01000010001110110011110011000000
00111101011110001011110010110110
01000010101111010110100110100010
01000001011101101101000000010100
00000000000000000000000000000000
00000000000000000000000000000000
00000000000000000000000000000000
00000000000000000000000000000000
00000000000000000000000000000000
01000001010111110000100011010100
