00000000000000000000000000000000
01000010111010111101000101110110
00000000000000000000000000000000
00000000000000000000000000000000
01000011100011101001001010110100
01000011011001010010111001010110
01000000101010100000100001001000
01000010110010001011010100001110
00000000000000000000000000000000
00000000000000000000000000000000
00000000000000000000000000000000
00000000000000000000000000000000
01000011100111101010110011101110
01000010101000111100011101111100
00000000000000000000000000000000
01000010011001010000011010000100
00000000000000000000000000000000
00000000000000000000000000000000
00000000000000000000000000000000
00000000000000000000000000000000
01000011011100000011110011111100
01000010001010110110111100000100
00000000000000000000000000000000
01000010001100000110000001011000
00000000000000000000000000000000
00000000000000000000000000000000
00000000000000000000000000000000
00000000000000000000000000000000
01000010000110110000011101000100
01000001101010100100101100001010
01000001101011110100011101110010
01000010000000100101101000000100
00000000000000000000000000000000
00000000000000000000000000000000
00000000000000000000000000000000
00000000000000000000000000000000
00000000000000000000000000000000
01000000101111110111100010101000
01000010100100010011011100100110
00000000000000000000000000000000
00000000000000000000000000000000
00000000000000000000000000000000
00000000000000000000000000000000
00000000000000000000000000000000
00000000000000000000000000000000
00000000000000000000000000000000
00000000000000000000000000000000
01000000110011101011000011101000
00000000000000000000000000000000
00000000000000000000000000000000
00000000000000000000000000000000
00000000000000000000000000000000
00000000000000000000000000000000
00000000000000000000000000000000
00000000000000000000000000000000
01000011010110110111111110001000
00000000000000000000000000000000
00000000000000000000000000000000
00000000000000000000000000000000
00000000000000000000000000000000
00000000000000000000000000000000
00000000000000000000000000000000
01000010000110100011000110110100
01000011000100010010010011010100
