00000000000000000000000000000000
01000010110011001101011111110010
01000010100101010110010011000110
01000010011101101000000000100010
01000011110100011101010111111110
01000011001111001100111111100000
00000000000000000000000000000000
01000001101101001111111010001000
00000000000000000000000000000000
01000010100000111100010101111110
01000001110001110100111000011000
01000010110010110001101110110110
01000100000010001000011001011100
01000011010000010000100111001010
01000000000100010010011001101000
01000000001111100111000010101000
00000000000000000000000000000000
01000010000010100011001111001000
01000010010010010001111101011000
01000011001101011000100010011100
01000011110100110001000010001110
01000011100010111001001010000000
01000001110001011001001010001100
01000001011011000111001010010010
00000000000000000000000000000000
01000001111011011101011110111000
00000000000000000000000000000000
01000011100000010110110011010010
01000011100111100101011001110110
01000011101010001101101000101110
01000010101111000101001001010010
01000001110010110110001101110110
00000000000000000000000000000000
01000011001010010100111000100110
01000010000001010010100100000000
01000011001111011000001100100100
01000011010111111000110001001010
01000011110000000011010001100110
01000011010110100001111100010110
01000010011110111100100101011000
00000000000000000000000000000000
01000011001110010001001000001000
01000010101101011010000111101000
01000011001100111000101101110010
01000011010100110110000010101110
01000011110000000110110111101000
01000011100101110001101010010110
01000011001001010100110010010110
00000000000000000000000000000000
01000010010001101101100010011000
01000000110110111011100101000100
01000010100110000101110100111000
01000011000000010100101001110000
01000011000100101011011010001100
01000011010111001011111101011100
01000011010110000101100011001000
00000000000000000000000000000000
00000000000000000000000000000000
00000000000000000000000000000000
00000000000000000000000000000000
00000000000000000000000000000000
00000000000000000000000000000000
00000000000000000000000000000000
01000010111101111000011110110010
