01000010101101100000011110000010
01000001000000010011111011100010
01000000010100101001101100001010
01000011001011101000100010010100
01000011000000100000001111100100
00000000000000000000000000000000
01000010100100010000001000010010
01000001111100000011011100010000
00000000000000000000000000000000
00000000000000000000000000000000
00000000000000000000000000000000
01000011001000010010100111101010
01000011000100001110111011110100
00000000000000000000000000000000
00000000000000000000000000000000
01000001010010010011001011001010
00000000000000000000000000000000
01000000101101111100110001100100
00000000000000000000000000000000
01000011001100010101111001010010
01000010100000010011101110110110
00000000000000000000000000000000
00000000000000000000000000000000
01000000010110011110001100011010
00000000000000000000000000000000
01000010011011101110010001111000
01000010101111101101101111000000
01000010110011001111010000101000
01000010111011011111011101010100
00000000000000000000000000000000
00000000000000000000000000000000
00000000000000000000000000000000
00000000000000000000000000000000
01000000100100011000100110000100
01000010010101000101111101111000
01000001000111000011101011100010
01000010110000110001000001101000
01000010000001100010110111101000
00000000000000000000000000000000
01000001100010011010101000010100
00111111000010110010101100101110
00000000000000000000000000000000
01000001011110101110110000000010
01000010100100110001110101010100
01000010010010100100100110101100
01000010011100110001101111001100
00000000000000000000000000000000
01000001101010111001000011101000
01000000111100011100000100000100
01000010100000011000011001101100
01000010011001110101111000101000
01000010100110010001100000000100
01000010000001010110100010001000
01000010100000011011101101000100
00000000000000000000000000000000
00000000000000000000000000000000
00000000000000000000000000000000
01000001100110111000001111110000
01000010011001100111111110101000
01000001110111111100010010111000
01000001101010101110111010011100
01000001110110100101011010011100
01000010100001100111110111111010
00000000000000000000000000000000
