00000000000000000000000000000000
00000000000000000000000000000000
00000000000000000000000000000000
01000001110111011010010010111100
00000000000000000000000000000000
00000000000000000000000000000000
00000000000000000000000000000000
00000000000000000000000000000000
00000000000000000000000000000000
01000010010010100001000110100110
00000000000000000000000000000000
01000001011000110111110000000100
01000001011111001011100001000110
01000001010001100110001110110010
01000000010011011010101000100010
00000000000000000000000000000000
01000010101001110110000110100100
01000010010001100011101001110000
01000010001001010001011010110000
01000010011111001011011010111110
00000000000000000000000000000000
00000000000000000000000000000000
00000000000000000000000000000000
00000000000000000000000000000000
01000010010010111101101011010100
01000010100011000111001110101100
01000010001101110011101111010010
01000010011101000001000010001100
01000010100100101101101011100110
01000010011101011010001111010010
01000010011010110110101010101110
01000001000001111110000100101110
01000010100010010011010110100100
01000001101110001011110011000000
01000010000110110011100000111000
01000001001010110001011010011010
00000000000000000000000000000000
00000000000000000000000000000000
00000000000000000000000000000000
00111111101100111011101100100100
01000010001100110010111011010000
00111111100110111101101010100100
01000001001011111011100111011110
01000001111010100011011110010010
01000010001100011111011111011000
01000010100011010100000101011010
01000010001011100111111011010000
01000000101101101011111010001010
01000010011111001100101001100000
01000010011000011001111001010010
01000001101110110111000110110100
00000000000000000000000000000000
00000000000000000000000000000000
01000000101100000011101001001010
00000000000000000000000000000000
00000000000000000000000000000000
01000000101110101001111100111010
00000000000000000000000000000000
01000001100100100011011010000000
01000001101001001110100111001100
01000001101110101011110010110010
01000010001011000111001100110000
01000010011100011001111100010000
00111110001001000111010111011100
01000010011101011101001110001100
01000010000101001000111000000100
00000000000000000000000000000000
00000000000000000000000000000000
00000000000000000000000000000000
00000000000000000000000000000000
01000010000100100101101010101110
00000000000000000000000000000000
00000000000000000000000000000000
00000000000000000000000000000000
01000001101000110000001000110110
01000000101001110010011101010010
00111111101101000100000101010100
01000001110101110100000110010110
01000010010010000101011010101110
01000001000100011100010101010010
01000001100010101111101011100100
01000000111001000111100100101110
00000000000000000000000000000000
00000000000000000000000000000000
00000000000000000000000000000000
00000000000000000000000000000000
01000000110101100101011011001010
00000000000000000000000000000000
00000000000000000000000000000000
01000010001011010111110111100100
01000000010010110110100001010010
00000000000000000000000000000000
00000000000000000000000000000000
01000001000101111001101110111010
01000001011001101011001000000010
00000000000000000000000000000000
01000000101101101101001011111110
00000000000000000000000000000000
00000000000000000000000000000000
00000000000000000000000000000000
00000000000000000000000000000000
01000001101011111001100010111000
01000010001010100001101101001100
00000000000000000000000000000000
00000000000000000000000000000000
01000001101010111000111101010100
00000000000000000000000000000000
00000000000000000000000000000000
00000000000000000000000000000000
00000000000000000000000000000000
01000010000000001111001000010010
01000001110011110110000001100110
00111111110101110011011011001000
00000000000000000000000000000000
00000000000000000000000000000000
00000000000000000000000000000000
00000000000000000000000000000000
01000001101011100010000011111000
01000010101011001010100101010100
01000010000001111000101010110100
00000000000000000000000000000000
00000000000000000000000000000000
00000000000000000000000000000000
00000000000000000000000000000000
00000000000000000000000000000000
00000000000000000000000000000000
01000001111110111001010111111000
01000001010100100100010010010110
00000000000000000000000000000000
00000000000000000000000000000000
00000000000000000000000000000000
01000001001000011011001011011010
01000000011010111010110010010010
01000010010100101110100101001010
01000010010101000010001111100100
00000000000000000000000000000000
00000000000000000000000000000000
00000000000000000000000000000000
00000000000000000000000000000000
01000001100100111101000011000100
00000000000000000000000000000000
01000001000111011110110010010010
01000001010101100100000111110100
00000000000000000000000000000000
00000000000000000000000000000000
00000000000000000000000000000000
00000000000000000000000000000000
01000001100000011011010110100010
00000000000000000000000000000000
00000000000000000000000000000000
00000000000000000000000000000000
00000000000000000000000000000000
00000000000000000000000000000000
00000000000000000000000000000000
00000000000000000000000000000000
01000010011111010011111110010100
01000000011110100110111010101010
01000001000100010011110111011010
00000000000000000000000000000000
00000000000000000000000000000000
00000000000000000000000000000000
00000000000000000000000000000000
00000000000000000000000000000000
01000010010110100010100001000100
01000001101001111011000100110100
00000000000000000000000000000000
00111111110000111011110100100100
01000001111011011110011110110100
00000000000000000000000000000000
01000000011101001000000001010010
00000000000000000000000000000000
01000010001101010010001010010110
00000000000000000000000000000000
00000000000000000000000000000000
00000000000000000000000000000000
00000000000000000000000000000000
01000000110010111110011010011010
00000000000000000000000000000000
00000000000000000000000000000000
01000001000110111010101011110110
00000000000000000000000000000000
00000000000000000000000000000000
01000001111010011000111000111100
00000000000000000000000000000000
00000000000000000000000000000000
00000000000000000000000000000000
00000000000000000000000000000000
00000000000000000000000000000000
00000000000000000000000000000000
00000000000000000000000000000000
00000000000000000000000000000000
00000000000000000000000000000000
01000010100010110101000111111100
00000000000000000000000000000000
00000000000000000000000000000000
00000000000000000000000000000000
00000000000000000000000000000000
01000001010110001010100111111110
01000001100100101010111000010000
00000000000000000000000000000000
00000000000000000000000000000000
00000000000000000000000000000000
00000000000000000000000000000000
00000000000000000000000000000000
00000000000000000000000000000000
00000000000000000000000000000000
00000000000000000000000000000000
00000000000000000000000000000000
01000010010011001101111111110000
00000000000000000000000000000000
00000000000000000000000000000000
00000000000000000000000000000000
00000000000000000000000000000000
00000000000000000000000000000000
00000000000000000000000000000000
00000000000000000000000000000000
00000000000000000000000000000000
00000000000000000000000000000000
00000000000000000000000000000000
00000000000000000000000000000000
00000000000000000000000000000000
00000000000000000000000000000000
00000000000000000000000000000000
00000000000000000000000000000000
01000010001010110111011110111110
01000000101011000101100110001010
01000001110110100001000100101000
01000001101001100101011010000000
01000010001001001110011000100000
01000001101110010010101011011000
01000001111001011000111110000000
01000010000000010111011011101100
01000001111001010000111010100000
01000010000011101110001100011100
01000010001111111101110001111000
01000010010001000111011010111000
01000010011100101101101000111100
01000000101000000010100100011010
01000001101010110000010110110000
01000001110111101100110011011000
01000010110011101101011000011100
01000010111110101011011010010110
01000011001100000110000000101110
01000011010010010110111110000100
01000011010111001001000111100110
01000011010110010110001010101100
01000011010100110001110001011110
01000011010101001011111010010100
01000011010100111101000101011110
01000011010100010100110011010110
01000011010110011111011011011100
01000011011000000110011011101010
01000011010011000101011001111100
01000011001100011011000110000110
01000011001110001010000111100000
01000010110000101010011111010010
