00000000000000000000000000000000
01000001110011011100001111011010
00000000000000000000000000000000
00000000000000000000000000000000
01000011000101100100000011010110
01000010100100001101100100100010
01000010000011000010111001110100
01000010101000111010111100001000
01000000111110101110100010101110
01000010111111011101001100001110
00000000000000000000000000000000
00000000000000000000000000000000
01000011101011011010010111100110
01000011001101001011010010100100
01000010000011001100111000010010
01000011000100110000010001101110
00000000000000000000000000000000
01000010010010000111010101111100
00000000000000000000000000000000
00000000000000000000000000000000
01000011011011010101011001110000
01000010101101011011111000110110
01000001100010110010011010011110
01000010110000011011010110001010
00000000000000000000000000000000
00000000000000000000000000000000
00000000000000000000000000000000
01000010100111001000110110010110
01000011001110111111101110111010
01000010010111111000000110010000
00000000000000000000000000000000
01000010001001010101101000101110
00000000000000000000000000000000
00000000000000000000000000000000
00000000000000000000000000000000
00000000000000000000000000000000
00000000000000000000000000000000
01000001111111101100101000000010
00000000000000000000000000000000
00000000000000000000000000000000
00000000000000000000000000000000
00000000000000000000000000000000
00000000000000000000000000000000
00000000000000000000000000000000
00000000000000000000000000000000
00000000000000000000000000000000
00000000000000000000000000000000
00000000000000000000000000000000
01000010010100101110100011100100
00000000000000000000000000000000
00000000000000000000000000000000
00000000000000000000000000000000
00000000000000000000000000000000
00000000000000000000000000000000
00000000000000000000000000000000
00000000000000000000000000000000
01000010000011110110100010010010
01000011100001111100100110001000
01000011101101001010011001011110
01000011110000011011010011000010
01000011110101011110010011001000
01000011110100010001111011001110
01000100000000001000001100101100
01000100000001010111010001011000
