01000010110110101101000000100100
01000011010100100001101000001000
01000011000010101101010000110100
01000010111000100101110111100000
01000011010111111111111010011110
01000011010111101001010001000000
01000011000100000111010111001000
01000010110001010000000011110110
01000011000100111011111101111000
01000011100111110001011110001110
01000011001111011110101001000010
01000011000010010101000011011000
01000011110000011100110111010110
01000011100110000101011111001110
01000011010001001100111100000100
01000011001011110100000000101000
01000011000001000000001001001000
01000011011110010011100101101110
01000011001100111011001010010100
01000011010110110110000101011100
01000011111001010110110001001110
01000011101000111011010001100000
01000011000100000110010101100100
01000011000001011101000010101010
01000010101000010111001011001110
01000011001110111100101101100010
01000011010010000111110000111010
01000011101001001100101010011010
01000011100101110101110100011010
01000011100001001110110011010100
01000011001110010001000100000010
01000010101110011111110010011000
01000010011100011111001011011110
01000011010000111100000010011010
01000011100010110010001001001000
01000011110010111101011101111100
01000011100111100000101100001100
01000011100110001000100011101100
01000011010011100010000110100100
01000010100110010111001000111100
01000010101011101111111000011000
01000011100000111000100111111110
01000011100001100010001110101100
01000011110010010000100010001100
01000011100111001111001101110010
01000011100010000111001000111100
01000011011011110110001010000010
01000010111111111111010101100100
01000011010111101011000001100000
01000011111000100000111101100100
01000011110110111100110101100110
01000100000000001110000111000010
01000011111000001110111101011110
01000011110111110001000110110100
01000011110011001001101100111100
01000011010101011000001101010010
01000011011001111111010101111100
01000011110111010010101101110100
01000011110011101010101100100100
01000011110111010101001000110110
01000011110111010100011101010100
01000011110100011100110100001100
01000011101111101001011111000000
01000011011100010101111000011000
