01000010011000010100010101000110
00000000000000000000000000000000
01000010110011101001111010010110
01000011100100001110000111010000
00000000000000000000000000000000
00000000000000000000000000000000
01000010000111010000110010101100
01000001110101010001001011100010
00000000000000000000000000000000
00000000000000000000000000000000
01000011010000000100000111101110
01000010000100000010101000010100
00000000000000000000000000000000
00000000000000000000000000000000
01000000111000110111010000001110
01000001100110011010110110110000
00000000000000000000000000000000
00000000000000000000000000000000
01000011011101101000100101110100
01000010101101111011011011110000
00000000000000000000000000000000
00000000000000000000000000000000
00000000000000000000000000000000
01000010000100110101011010011110
00000000000000000000000000000000
01000010000110100111101101011100
01000010000011001111001100111110
00000000000000000000000000000000
01000010010111111010001101100100
01000001110000101111100111011010
00000000000000000000000000000000
00000000000000000000000000000000
01000010000111100010101011011100
00111111101001001111100100111010
00000000000000000000000000000000
01000010110111111000100111000010
01000011010110001110101011111000
00000000000000000000000000000000
00000000000000000000000000000000
01000001001000011101000101111110
01000001101011010111011011000010
00000000000000000000000000000000
01000010001010100011111010001110
01000010100101001000111011110100
01000010000101011010000011011000
01000001111110011111010110111010
01000010111001010100011001101110
01000001010000100100010101010110
01000010000000000111101110000100
01000011001011100001000000111100
01000011000001110101011001110010
01000011000010111100011010010110
01000011001110010000010000000100
01000011100100100101110111011100
01000011010111110010010100110010
01000010100010000001010000110110
00000000000000000000000000000000
00000000000000000000000000000000
00000000000000000000000000000000
00000000000000000000000000000000
00000000000000000000000000000000
00000000000000000000000000000000
00000000000000000000000000000000
00000000000000000000000000000000
