01000001010100001011001111011010
01000010111101000001010000110010
01000001000011010110110010010000
01000010101101001010100010101100
01000011010000111101111010010110
01000011001011111100001011111000
01000010100011111010111110011010
01000010111000001110010101011000
00000000000000000000000000000000
01000010111111011011010000111100
00000000000000000000000000000000
01000001101101111010011101101000
01000011011011111100100101001100
01000011010000111110010011101100
01000010000101111010010010001010
01000010100011101101110101011100
00000000000000000000000000000000
01000010011111011111100011001100
00000000000000000000000000000000
01000010101111111000000111011100
01000011100111010100011100101010
01000011010110101010001010001000
01000001100111011111101001100100
01000010000101100011011001101110
00000000000000000000000000000000
01000001111101100111011111000000
00000000000000000000000000000000
01000010011010000111100111111000
01000011010001011111011110000000
01000010111001001100101010110000
01000010101101011010101101101000
01000010000100010001101111111100
00000000000000000000000000000000
00000000000000000000000000000000
01000010000010010100101000110000
01000011000010001100100111011010
01000011100000101000011011111110
01000011010101101111000111110010
01000010101110011001101000000100
01000001100000011111010010101100
00000000000000000000000000000000
01000011001000110011011111001010
01000010110001010110101100001100
01000011001100010001101101100100
01000011001101100101011110010010
01000011001101011001110110001100
01000011000011011111111010111110
01000010100110001101001101110110
00000000000000000000000000000000
01000011101100001001110100110010
01000011101101000110101000010110
01000011101101111101111100101000
01000011110000000011010011000000
01000011111001101110111110010000
01000011111001001110111000100000
01000011100110100001011010100000
00000000000000000000000000000000
01000011000100110011111011001110
01000010110110111100110000101010
01000010110100010000000100010100
01000011000011000101111101001110
01000011000000100000000101001110
01000010001111100011110101001000
01000010100000100010110110101110
