00000000000000000000000000000000
00000000000000000000000000000000
00000000000000000000000000000000
00000000000000000000000000000000
00000000000000000000000000000000
00000000000000000000000000000000
00000000000000000000000000000000
00000000000000000000000000000000
01000010110001000111111011011010
01000001101000110111000101110100
00000000000000000000000000000000
00000000000000000000000000000000
00000000000000000000000000000000
00000000000000000000000000000000
01000010100001111100101100100000
01000001110010111100000100000000
01000010100110101001111100001110
01000001001110010011100110101010
01000010010110000100101111101110
00000000000000000000000000000000
00000000000000000000000000000000
00000000000000000000000000000000
01000010001010000010011011110110
01000010001111110011001111101100
01000001101110100011110011111100
00000000000000000000000000000000
00000000000000000000000000000000
00000000000000000000000000000000
00000000000000000000000000000000
00000000000000000000000000000000
00000000000000000000000000000000
01000001100101101101110010101010
00000000000000000000000000000000
00000000000000000000000000000000
01000001110110100100001111011100
00000000000000000000000000000000
00000000000000000000000000000000
00000000000000000000000000000000
00000000000000000000000000000000
00000000000000000000000000000000
00000000000000000000000000000000
00000000000000000000000000000000
00000000000000000000000000000000
00000000000000000000000000000000
00000000000000000000000000000000
00000000000000000000000000000000
00000000000000000000000000000000
00000000000000000000000000000000
01000010100101100100101011011000
01000001000110111110001100011010
01000010010000000111101001001010
01000010101010100001010110011000
01000010110000111110000011000000
00000000000000000000000000000000
00000000000000000000000000000000
00000000000000000000000000000000
01000010110011101101110010010010
01000010011101100000001000001000
01000010000101000010010110100110
01000010100000000011110111100100
01000010001100111100101001101100
01000001101111111011010011110000
00000000000000000000000000000000
01000001000001000110110010101110
