01000011000010000001111100000110
01000011100000000101111011010110
01000011100100101100011001000000
01000011111010011110000000001010
01000011110011010001011110101000
01000010011000011001110011001000
01000010100000111101001101110010
01000010100101110001111110110000
01000011001111100011111001100110
01000011100011010111110001001000
01000011101000000000010111101110
01000100001100100110011011111010
01000011111010101011111011101100
00000000000000000000000000000000
01000010100101100111001011000010
01000010101000111001000011011110
01000011001011101010000111000100
01000011011110110100000011000000
01000011100110100111010111000000
01000100001010110101010010110100
01000011111001011111110111110000
01000010010001110000001001110100
01000010011010110110101000001100
01000010100101011001101011010110
01000011001111111001011011111000
01000011100110011000110101011100
01000011111010110010000100100100
01000100001010110110101100100010
01000011110001011001110111000110
01000010111110001100110101100010
01000010111111001101111100010100
01000010100100100000001001000110
01000011100010100101101100101110
01000011110111000001100111110100
01000011111110011011100000110110
01000100000100100101000111000000
01000100000000100000000111110000
01000011100011010101101111111100
01000011001101001110111101101110
01000010101110001110110011011110
01000011101111000111110101100010
01000011111100110000111111000110
01000100000000100011011000111010
01000100000011000001010011100100
01000100000101100110111001111100
01000011110111110100001010011010
01000011011101010101010001010010
01000011010010010100010110100110
01000011101111101011000111001000
01000011110010000101010010010000
01000011111100100000000000000010
01000011111101000101110010000100
01000011111110000111111111110110
01000011111001111110000100111010
01000011110000101111001100000000
01000011100100010110011010011010
01000011100100000011010011010100
01000011001011000010110101001100
01000010110011111100111001111010
01000010011101010101111110111100
01000010111011101011001001000010
01000010101111001011001111101000
01000010010100000011011010100000
00000000000000000000000000000000
