01000010111010111100001010010110
00000000000000000000000000000000
01000010000101010111111100000010
01000011100110111001010100111100
00000000000000000000000000000000
00000000000000000000000000000000
01000001100001110100000010001110
01000010001111100001011101101110
01000011000001110100100100111110
00000000000000000000000000000000
01000010101011100111111001000010
01000011101101000111011101001100
00000000000000000000000000000000
00000000000000000000000000000000
00000000000000000000000000000000
01000010011111010001011111100000
01000010100110010000000000101010
00000000000000000000000000000000
01000011010110101011001011101100
01000011101010100111000101011110
01000010011011100011100011111010
00000000000000000000000000000000
00000000000000000000000000000000
01000010010100000001000100001000
01000010101000111111011110001010
01000010010110110000101001100110
01000011011101000001010000000110
01000011000001010111101001110010
00000000000000000000000000000000
00000000000000000000000000000000
00000000000000000000000000000000
01000001100010000001000001011010
01000011001000110000110110011010
01000001101000011000111101000110
01000011001110111101111100000100
01000010101100010000111110111000
01000010011101000111001000110110
00000000000000000000000000000000
00000000000000000000000000000000
01000010000101010010101010010010
01000011011101001011000011101000
01000010100000100001110010000010
01000011011011100011000111100110
01000010110111111101100111110010
01000011000111000001111010000100
01000001000101011101101011001110
01000001111000110000110001101100
01000010000100100010010100001000
01000011100001110010100000101110
01000011000011111010000011110000
01000011001100011000001000010110
01000010111110101100101101001010
01000011000011101101110101111000
01000010111110100001001111101010
01000010111001100001000000000110
01000010111110100101111111010110
01000011010010111100100100100110
01000010110001111111111010010000
01000001010000100001001111100010
00000000000000000000000000000000
01000001001111000100110100100010
00000000000000000000000000000000
00000000000000000000000000000000
00000000000000000000000000000000
