01000010101111000110000100011100
01000010110100000101111001001110
01000010110000110111000110111110
01000010110100000001111100001100
01000010110001110001111100011100
01000010101000111110000000111100
01000010100101010101110111010100
01000010100010001000101111110110
01000010100000110001011101110010
01000010010101110100010111110110
01000010000110010010000111001100
01000001000100011000000101011010
01000001010000111100011100111100
01000001101111000110010110011000
01000001100110101100100111101100
01000001111101110010010111100000
01000001011010000000000111001000
01000001001100110000011000000000
01000001101111100001100010110010
01000001111111111011110010001010
01000010001101000101011001101110
01000010011010101000111100011100
01000010100011001000011000011110
01000010100110101010101100010010
01000010100110100000100001011110
01000010100110100000011110101110
01000010100110111000100110000100
01000010100110100100000000110100
01000010100110010101011000010010
01000010100101011100110011110000
01000010100100100100001010010100
01000010100101001010000010010000
01000010111110100010011001111000
01000011000001000101000010101110
01000011000000100010011100100010
01000011000011001110000110100100
01000010111101001000000101100000
01000010101011011101000101100000
01000010100000111010111011010010
01000010010100111011101111001010
01000010010010100110010111001100
01000001111111110000011100111100
01000001011110001100100000000000
01000000111011101001000110111100
01000010100111101010010011011010
01000011000000111111111001000110
01000010111110011100101000101000
01000010111010011100111110111100
01000010001011111000101001011000
00111111101100101101101001101000
01000000011111101100010001011010
01000001010011010110101000001010
01000001101110101110010101100010
01000010000111110000101100110110
01000010100001110010110100000110
01000010101100010100000000110110
01000010110001111100000011010000
01000010110110011101010101001100
01000010111001110100101100101010
01000010111000111111100010010110
01000010111000011101100001001110
01000010110111001111001000010100
01000010110110001001000100010110
01000010111000010111010000011000
01000010111000111100111110010110
01000011000001101000111100000000
01000011000011010011001111111110
01000011000100101111011100101000
01000010111010010101010001001110
01000010100001101100100101110100
01000010001000111100110101011100
01000010000101110001100100011110
01000010000100101010100111011000
01000001010001011000100111010000
01000000101110101001010010011000
01000010000001110111010101101111
01000011000100010000010110111011
01000011010011001001000011001010
01000011010000000010000010111110
01000011001011100111000110111010
01000010010101000101111110001000
00000000000000000000000000000000
01000001000001101111101000100110
01000001100110100001111000110000
01000001110111000001101000001000
01000001101100101000011111110000
01000010000111110000110111101010
01000010011001001110100010101000
01000010100011100001111001110000
01000010101110000110111110000110
01000010111000101010110110100100
01000010111010100111011101010000
01000010111010111111001011101010
01000010111011001010000110000000
01000010111010000100011110100110
01000010111100011101010010111000
01000010101000110001001101111010
01000010111011001110000010010110
01000011000011010101001001111100
01000011000100010001001011101010
01000010110100000100110011100000
01000010010110100011001111010000
01000001101101101001111010100000
01000001101010110111011101110100
01000001000111011000111010000100
00000000000000000000000000000000
01000001100101111111100010110100
01000010010100110110110110101110
01000011000101111101001011110111
01000011010111010110010011001010
01000011011000010001100110110110
01000011001011100010101011001010
01000010000110111100000100011000
00000000000000000000000000000000
01000001001010100101010010010100
01000001110001111110100010100110
01000001110111101001010001101100
01000001010000001000010011011110
01000001100010111110101110100000
01000001110111110001100111011000
01000010000010111100100001110010
01000010011011001100001110010110
01000010101101101011000100111110
01000010110111111111011011011010
01000010111011010100010100110010
01000010111100011100100010010000
01000010111011001011101011001110
01000010111110001101110010010100
01000010001111011100011110100010
01000010110100000010110011101010
01000011000011101110000000000000
01000011000011000100101100100110
01000010110001101010011110100000
01000010010110110001111001000110
01000001101100001101011000111010
01000001000100011101100111100110
00000000000000000000000000000000
01000001011000100111110101101010
01000010000100011011100111101011
01000010001111101100100001110110
01000010111101011000011111000010
01000011011001000001000011001110
01000011011011000011001010000100
01000011000010100001100010001000
01000001101111101011011111000000
01000000011111001001100010010000
01000000100110100010011110001110
01000001010101001111010011011111
01000001100011111010110010001110
01000000000110110110101111001000
01000001001111011000000010010000
01000001100010001000110100000000
01000001001101010111010011100010
01000001111011010100001011101110
01000010011111011001011101000010
01000010110001101101111101010010
01000010111100100101100100110110
01000010111111011001000011101000
01000010111110111000100010010100
01000010111111011000001010111000
01000010000001100110000010111100
01000010110011100101101010100110
01000011000011110100111001100000
01000010111011010011010001101010
01000010100101100000011111110110
01000010000111100100101000000010
01000001100000101100110111111010
01000000100111101101110000101100
01000000110100000100010001000000
01000001111000111110010001000100
01000001111001101011101001000010
01000001110000001010001001110100
01000010111000101100010110000101
01000011011110110011000110011010
01000011010111011010110110011010
01000010101011111100100111010000
01000001101010111010100000000100
01000001010010110111001101100000
01000001001001101001010011101000
01000001000100101001010111101010
01000001011110101010111110100000
01000001011100010010111001001110
01000001101110010010110110010110
01000001110111001001101101000110
01000001000011101000100001001010
01000001001001101011101000010100
01000010000000101011000000010000
01000010100010100000111100011100
01000010110101111100011101010010
01000010111111111011001100100100
01000010111111110100011111110010
01000010111110101001110100000100
01000010000001010010110110010100
01000010110010101101101100100000
01000010111101000111010111110100
01000010100100111000001111000010
01000010000010111001011101100010
01000001100101001001001011001000
01000001000110111001001111111110
01000001010011001000111101000110
01000001110100011001111111100000
01000010001000001001000101111100
01000001101000101000100011001100
01000001010000000001110000010000
01000011000000101101101110101001
01000011100000011011100100000011
01000011001010111001101110000010
01000010000001011101001111011100
01000001010001110010011010001100
01000001100111000111100111001010
01000001110000010100100101111000
01000001011110010100000111010100
01000001011000111011100001110010
01000001011011101010100111111000
01000001101101001011011100010000
01000001110010101011111111001010
01000001100001101100110110101100
01000001100000010101110100101000
01000001010011110110010001111100
01000010000100101001001110000000
01000010100110101010110011111000
01000010110110110010110011101100
01000010111100001111111111000010
01000010111100111011010111001000
01000010001011011000111011100110
01000010110000000001101001100100
01000010101101011011101001001100
01000010000111100111111011111000
01000001100101010110000111010110
01000001001010101010011001101100
01000001001000011010000001110110
01000001010110101010001011100100
01000010000100110101001001101000
01000010010001111011111001111000
01000001111000100100100011100100
01000001101110100100010101000100
01000011001000101011110101110000
01000011011110111011101111000100
01000010111100110100011100111000
00000000000000000000000000000000
01000000101011010011011010110000
01000001111011111001101101100000
01000010000100010100100010110110
01000001101111111100100001011000
01000001010000111000001000101000
01000001001010110101010000101100
01000001001000111011111110110111
01000001011111110110111110001000
01000001100001111101001111000110
01000001100010101101000010000110
01000001000101000100110000100000
01000001001000001101111011010010
01000010000101110010101100011000
01000010100000100101011011010011
01000010101101111010010000001010
01000010110011101101010001111010
01000010010110100011010100001100
01000010100101100011001011001110
01000010011001110110000100011010
01000001111100101011111101001100
01000001101101101100101011001000
01000000111011111010001000110100
01000001011110011000011001101100
01000001111010100000010100110000
01000010011110101011000010010000
01000010101011110100100011111000
01000010010100110101110100000100
01000010100000010100111011100101
01000011010011011100011101000100
01000011011011110110111011101000
01000010110010111101100111100100
00111111111010100110011010000000
01000010001100000101111001011100
01000010100011100110110111110010
01000010011001001011111011010000
01000010000001100110001001100110
01000001010111010111000000100110
01000001000011110010000100010110
01000000101101000000001110110010
01000001000001011011111000000010
01000001010011001000110011111100
01000001010101110000111100000000
01000001000101000101110110000100
01000000111111000110111010011000
01000000111001101001010101111100
01000001110001101110111011011110
01000010010101011011000010001000
01000010100101100100101010001110
01000010010000101100111100001100
01000010000101101100010100011110
01000001110101000110001101101000
01000001110111010011100010011000
01000001110100010010100110110010
01000000110100011101100010100000
01000001100010101001110110011001
01000010000010001000111101011000
01000010100010001101001011110011
01000010100101001101101001101010
01000010000110110011011110100100
01000010110011111101100001111000
01000011011000010101010101101000
01000011010101110100000001000110
01000010111000000110111010100000
01000010000001111100101010011000
01000010101001110011000111010011
01000010110101000101011101101010
01000010100101000101110101001000
01000010000110000001100101100010
01000001001011011010100000000100
01000001000011110000110110000000
01000000111011110100101111110100
01000001011010111111000110000100
01000001011010110001010011110000
01000001101000001011001111010110
01000001101101101001010001000000
01000001101001010100000111001100
01000000101010010111000110001110
01000000110011111000000000110110
01000001110111100010110101011010
01000010010110110011011001001000
01000010000101010011111100100110
01000001011000111000010011001100
01000001010001101110110000111000
01000001101000001110011001011001
01000001101100101011110001101010
01000000101001110010110100111100
01000001011111010111101010001000
01000001101101101001100101110001
01000010000011010111100110011001
01000001111100110111111000110000
01000010011000001111101101110100
01000011001000000001001101100010
01000011011000001001110100110110
01000011010001010110010100010110
01000011000000001010001000010000
01000010010111101011110011101000
01000010010100000111000010010110
01000010100011110010011011010000
01000010001101000011101101001010
01000001100000001100001011100100
01000000001011011100011111100100
01000001010100111000011001111110
01000001011001111101011100011000
01000001110001001110011101100100
01000001100110110100100100010000
01000001101010110000010011100010
01000001101001110100101111101010
01000001100010001000001010010010
01000000100101000011001001100100
00111111001010001100010000101000
01000001100000101100101011100111
01000010010111110000100110110000
01000010001000110011010011111110
01000001101111010001010000101110
01000001011011110101011100100000
01000001100000111000010010111000
01000001100111000011111001011110
01000000101100100101100001001100
01000001100100001001010101101010
01000001100011000001101100001100
01000000111011001101100110001100
01000010001101010000100010111100
01000011000001010010111100100001
01000011010011010000000111001100
01000011010010100001011100101000
01000011010000100000100000000110
01000011001100001001011100000010
01000010110110100001110011000000
01000010011101110010001001101000
01000010001111011110101101000010
01000001110000110010010011101100
01000000011111010010111000011000
01000001000111101010111011001100
01000001100110100100110000110000
01000001100001011100001010111001
01000001111010100000111011010100
01000001101110111010100100101100
01000001100010111100111011100010
01000001001100001011100100011000
01000001001000001110000001001010
01000001001110011000100000100000
01000001101001011100101100101100
01000010000110101101001111001100
01000010101010001011100010000000
01000010001111100111010111010100
01000010000001101000101100100110
01000001100101011011011111011010
01000001100010000100111001111010
01000001101101110110011111010000
01000001001001010111100001010000
01000001101011000111011011111010
01000001011000111110011101100100
00000000000000000000000000000000
01000010101010000111110000111111
01000011001011100011100001001110
01000011010000101000001110110100
01000011001101101000100000011100
01000011010000000110010001011000
01000011010000111110111101101000
01000011000111001000111111011010
01000010101010010101001100110100
01000010000111111000010100111110
01000001001101111100010010000000
01000000111011000111000010010100
01000001011111111100111101110010
01000001100011010101100111011110
01000001100110100100100010000100
01000010000000011100011111000010
01000001110111011010000011000110
01000001100010010100110111000110
01000000111111001111111001100100
01000001000011000001010011001110
01000001100000100100100000011000
01000001111001001110000001010000
01000010001000101011100000110110
01000010101010011010100011000000
01000010010001110110010011011100
01000001111100000000011110111000
01000001011110101000011001001100
01000001100001010110010110100001
01000001101010111011100110001100
01000001100001100011010010101010
01000001100101101001111010101000
01000001011001001011010001111100
01000001101000101001011101110010
01000011000000000111010111000110
01000011001110100100110110000100
01000011001101111110011011110010
01000011001110001110110110111110
01000011001111110000001101100010
01000011010000000010000000000000
01000011001011101010111110100000
01000010111100010100111100011100
01000010001010100100100110110100
01000001001110110101100111100100
01000001000100101100101001101100
01000001011101011000001011011100
01000001101100110010100101101110
01000001111101101001010000001010
01000010000100101000010010100000
01000001110111100100101011111010
01000001010001111011001001101010
01000000111010011100011011010000
01000001011101100000000010000100
01000001101011010011001001001100
01000001110100110011001101010100
01000001110100010110101110011000
01000010011110001110101101100100
01000010000110011000100101101000
01000001101101010101101011011010
01000001100011011101011110101010
01000001101010010110010101101000
01000001111101111101000000000100
01000001110010111110010011000100
01000001101010101001011010100000
01000001100011111010110001100001
01000010001011010011000110001010
01000011001010110001111101100100
01000011010000110001001110000010
01000011010001101111011011010100
01000011010011110001100000001110
01000011010001001100000111100010
01000011010000111110100111111100
01000011010000011110000111001000
01000011000101001110010000100110
01000010010001001000100000111000
01000001001010101001010110100000
01000001000011110011100110100000
01000001100010111011110000011101
01000001110111110011110100000010
01000010000010101110001010011010
01000001111011110011001101101100
01000001100110010010101101110110
01000001000000011000110100100000
01000001100001101101111011001100
01000001111001101011010101111010
01000010000001000001110101011110
01000001111011110000100000011000
01000001100101010100010111011000
01000010001000010111000010100100
01000010001000001011100110110000
01000010000010011110101101101000
01000001111111010010011100100000
01000001110100110100111100100000
01000010000000000101110001111111
01000001110010111010110011100000
01000001101100110111100000110010
01000001011100001100101100000110
01000010100000100101111111001010
01000011001100010010111010000010
01000011000001001110110000111000
01000010111010111000110100100010
01000011000001000110011101000100
01000011000010110001111111101100
01000011001011011001100010111100
01000011010010011001000010001000
01000011000101001010000110111110
01000010000010110001110000010100
00111110101110101010001001000000
01000000111101101000100110010110
01000001011110001111101001000010
01000001110010111010111100101000
01000001110001010101111001100000
01000001101000110000110100011100
01000001010000100011101100111100
01000001010100100001001101000000
01000001110001011100010110111110
01000001111101000100001100001110
01000001110111010100010101101000
01000001110100011111001001011010
01000001001011100010000100000110
01000001101010100101110100000010
01000010001100100011010110001100
01000010000011010111101000011110
01000001111000110110001111010100
01000001101101000101101010110100
01000001111000110001111110010100
01000001111111010100100000101010
01000010000011111001111001001000
01000001110110101000101101000010
01000010101101001001110110101110
01000011000011110110000100001100
01000010001101110111011011010010
01000010001101101000101111111110
01000010011110011100001110100100
01000010100010100001110011111100
01000010111100110011110110101100
01000011001110011010000001100000
01000011000010001010101001100010
01000001110010011011110010010000
00000000000000000000000000000000
01000001101001010001001110001000
01000001101101000010011111000100
01000010000001001111011010100100
01000001110100110001001010001100
01000001100111010000111010111010
01000001101101000000001001110000
01000001110110101010111000011100
01000001110110011000000011101100
01000001110001001100000001100110
01000001100111011111011100100010
01000001101000011000111001101110
01000001000111101001010110011000
01000001011001100011001101100000
01000010001111001101111110110110
01000010000011000111001000101100
01000001111011000100001111000110
01000010000001010011100100111010
01000010000001001010001110011011
01000010000011110001101000100000
01000010001100100110100000100010
01000010001001010111111001001101
01000010110110000011000101101010
01000011000001111001100100101000
01000010001001010001001001111100
01000010011010011001111110110010
01000010011111001101010011001110
01000010000011000111010111111001
01000010101110101110100100101000
01000011001010010100010100010100
01000010111111101011000000010000
01000010000100101001010010010000
01000001110101011100010011110100
01000010110110100100011001110000
01000010011111010011001100101000
01000010001110010111001100101000
01000001110100100011111010010000
01000001111001000110011001011100
01000010000101110000101111111100
01000010000111011001000000101010
01000001111111000100011001011100
01000001111001111001100011100100
01000001101111011101001110110110
01000001100110001011011001011110
01000001000101101101001111000100
01000001011000100100011011101100
01000010011010001100111011110000
01000010000110000000001000101010
01000001111101110010101011101110
01000010000000010000001111101001
01000001111000001011001110000000
01000010000000101011001010000111
01000010000100111101101001010010
01000010001110000011011010110101
01000011000001110000010011010000
01000011001001000101110010111010
01000010100010001011101100101100
01000010001001100111001111010010
01000010000000010010001111001010
01000010001111001111100001110010
01000011000001010001100010100100
01000011001111101100110100110000
01000011000011100000010110101010
01000010100001111011111101111010
01000010101011100001101110111110
01000011001011001001100001111010
01000010011001110010000111010100
01000001101111110000010100011000
01000001101110101111010101110110
01000010000101100010111101100100
01000010010111011000011100000100
01000010001000011000110111110110
01000010000000101100010011100010
01000010000000111001010111001100
01000001110000010100000101111010
01000001110001011100001011111110
01000001010000011011010100100000
01000001110000010110111000001000
01000010101010011100101100111010
01000010001110001110011001001000
01000001110101110010110000001100
01000001101101111101110011110110
01000001101010100000111101100100
01000010000010111110100101010000
01000010000001111001110001011010
01000010010000011011010010011000
01000011000110100000011100101000
01000011010001000000000001110100
01000010110011010111011110011000
01000010100001001100101000011000
01000010100101001101010110110110
01000010111101101000111100001000
01000011010100101101010011001110
01000011010111100111010000111110
01000011001001100000001010011110
01000010110100000001001100110100
01000010111110101000111100100110
01000011001101101000101000111100
01000010010000100110011111100100
01000001100110100000111101001100
01000010000001000110000110000000
01000010010011001101000100010100
01000010011000101111111010001010
01000010000001111110111011011000
01000001111000111110010111000110
01000001110100111000100001111010
01000001101110110110001100101010
01000001110000010100010110000010
01000001100010100000101101000110
01000010000110100011101011010010
01000010111001010010011101111000
01000010011001000101010010110000
01000010001111011010000101101000
01000010000011100110001111100010
01000001110100100101111000000000
01000010000110011010100011011000
01000010000110001010101110101010
01000010100011010100010101010000
01000011000111010110101110000010
01000011001110101011101011000110
01000010111110000010110001101100
01000010110010101100111111100000
01000010111001001011110010101100
01000011000111000001110111001110
01000011010101111100000110100110
01000011010011011010001010101000
01000011001001010101011011001110
01000011000010010011101010011010
01000011001100100001000110111100
01000011010010110110001000110100
01000010100011101101011100000100
01000001100011010010000100011100
01000001110111111001110011011010
01000001111111010111010010111000
01000010000100111010010011000100
01000001101000100110111000110110
01000001101111010000110000111100
01000001110011110001001100100100
01000001101111001110111110010000
01000001101110101010001011111110
01000001010110010101011101000110
01000010010100001101000110110000
01000011000101011110000111000010
01000010110101001101100110110000
01000010110010110010010100000100
01000010100010011100011110101000
01000010000011000011110011101010
01000010000111001000100110110110
01000010000101111110011110111011
01000010011111010100001010111000
01000010111010000101111011001110
01000011000100110101110000101010
01000011000101111101011100011000
01000011001000101100110110001110
01000011001000111101010001101100
01000011001100010110010100011110
01000011010001001110111110101110
01000011001110001111000010001110
01000011001001011110011001010110
01000011001100011010100101101010
01000011010010010110011000101000
01000011001110100011111010111100
01000010100010010101110000011000
01000001000000100010010110100000
01000001100111010011010101100100
01000001100001001000011101100111
01000001101111010110001101101100
01000001100000101110110110111000
01000001110001010111100000010000
01000001111110110000111100110100
01000001111010011101010110010000
01000001101110100100111010011010
01000001100011101001001100010001
01000010100100010100010101100110
01000011001101101010001000011010
01000011000101010010001001100100
01000011000011000001101111011110
01000010101111111000100010010000
01000010010010011000100010000100
01000010000010110010111011010010
01000001100110111100000111101110
01000001110010010000101010010110
01000010011010001101010101100000
01000010111101011111111010010010
01000011001100100100011110010110
01000011010000101011101010011100
01000011001110010001110001010000
01000011010000000110011110011010
01000011010010110000010101111110
01000011010010010011101111111100
01000011010000110001001111000000
01000011010000101110101011000110
01000011001100101001111111110010
01000011000110000011000011100110
01000010100001010000100001110110
01000001100001001001011100000100
01000001110111011101011011101010
01000001111010001001111111111010
01000010000011010001110101010100
01000001111111110011000100111100
01000010000000011101001001101000
01000010000101011110111111011000
01000001110101111011110011001110
01000001101010001001010010101100
01000010000010101001110001110000
01000010101111000100110100000000
01000011010001111110010111010000
01000011000111011100111001101000
01000011000110001011101101010100
01000010111011111110100000101100
01000010100100111100000001110000
01000010001000010110111000010010
01000001001101010101111101011100
01000001101110000111110100110000
01000010100010111011101100011100
01000011000011110100100001101010
01000011010000111110111111100100
01000011001111011101010010011110
01000011001011001000111110111100
01000011010000001101101110111110
01000011010001101100000010101110
01000011001110000111000001001010
01000011001100100001010101000000
01000011001100111000100100001100
01000011001001100101101111100000
01000011000110000101111110101010
01000010100011010111110111000110
01000001110011000011010110100100
01000001111000011010101000101010
01000001101101111010101100110100
01000010000010111010011111011110
01000010001100001101001011011110
01000010010011001101011010001100
01000010010111001101011001100100
01000001111100010000000101111100
01000001101011001111010010001100
01000010001100000111101101111001
01000010110100010100001101000100
01000011010001001100001101010010
01000011000101000000100100000010
01000011000010111010010101001000
01000010111011110010110100000000
01000010101011110110110100100010
01000010010111101000100100000000
01000010000110111011100100111000
01000010100000011111110100111010
01000010111000111001011100001110
01000011000111011101111000011100
01000011001101100011101111101000
01000011000111101101101101010010
01000011000011111110010000101000
01000011001111001100100110000100
01000011001110100100100110010010
01000011001010101100010011010110
01000011001100000011000100000000
01000011001110000110110010110010
01000011001100101000000001011100
01000011000101001111110111000000
01000010010001000100001101011100
01000001011101011101101010001000
01000001011000000010100111111000
01000010001010001001110100001100
01000010011100101111011010100000
01000010100111011100101110000100
01000010101011100000000000011010
01000010100010010011111011100010
01000001111011101110101011111000
01000001100101110000010000110110
01000010011011011100011101111010
01000010111001001101100101000100
01000011001100001111100001001000
01000011000000010011111011100010
01000010111101111001010011101000
01000010111100101100111011100000
01000010111010100111011110000000
01000010110000111111010111111010
01000010110001010000101111011110
01000010111111001100110111100110
01000011000110111000000110010110
01000011001000101001111011101110
01000011000111010000101010001110
01000010111010010101111010001010
01000010111010001100100111000000
01000011001111010100100100011000
01000011010000010010101110010100
01000011001101010001100100001010
01000011001111110000101001001010
01000011001111001111110110111100
01000011001100011111001000111110
01000011000010100001011010010110
01000010011011001101010100000000
01000010001101110111111001110000
01000010100111110000101011111110
01000011000000100101101011111010
01000011000000100001011101110110
01000010111001000101111000110100
01000010110100101111110111010110
01000010011000011111001000110100
01000001000011111111010010011000
01000001100100101001101100101001
01000010101000010010100011100110
01000010111101110110110111110100
01000011000110100010011001010000
01000010111101111010000001001000
01000011000001000001011111101100
01000011000011010010101110001110
01000011000100010100110100110000
01000011000001001010111011100010
01000011000101010001111110111110
01000011001010011000111010111110
01000011001100101100010110101110
01000011000111101101101110110000
01000011000100010000110010010010
01000010110000010011100000001110
01000010110110100100101110001000
01000011001101100101100010000110
01000011001100000111100100000100
01000011001011000111111001111100
01000011001111011010011111001100
01000011010000111000000000101110
01000011010000111101101111110000
01000011001011011111001010101000
01000011000000100001011111001100
01000011000010000101011110111000
01000011001011100011100101011110
01000011010011110010111010000110
01000011001010001100100101111000
01000011000011000000110101100010
01000010111100110001010111011000
01000010001100110011111010010100
00000000000000000000000000000000
01000010001001001111100101111010
01000010110100111111000101011110
01000010111111011110011001010000
01000011000010110101100000000110
01000010111100100011101100001100
01000010111110000100010011111000
01000011000000000010010100100000
01000011000000100011010001001111
01000011000101000101101011011000
01000011001100101100000011000010
01000011001110110110111001101000
01000011001111101111001101010000
01000011001110000110100110011100
01000011001010101000011000000000
01000010111110000000010001100100
01000011000000000000001010011001
01000011001101110011101001101110
01000011001110101001010111000010
01000011010001001000000011100010
01000011010101001100010101111010
01000011010101110010011110110010
01000011010110000000101111000000
01000011010100100010100000001000
01000011010001100000100111000110
01000011010010011111111111111100
01000011010111100000000100101100
01000011010111101000110001001010
01000011001100110010111100000100
01000011000111010100110000111110
01000011000000111001111100100100
01000001111010111001111001010000
01000001100001010000100010000100
01000010101000000111110010111100
01000010111101111100001001100110
01000010111110010110000010100100
01000011000001010101011101110010
01000010111101011001100000100100
01000010111010110010001100000100
01000010110110100000110000100100
01000010111110011111011000110000
01000011001000110000111010000010
01000011001111000100110101111000
01000011001111010111110100101100
01000011010000110001000111011000
01000011010001011110010000011100
01000011010000000100101011000100
01000011000100100101111001111010
01000011000111010010100010111110
01000011010000010010110001011110
01000011010000101110101001010000
01000011010011100101101011111010
01000011010110000110100000110110
01000011010110011011100000111010
01000011010110100110101110100100
01000011010101111110111100000010
01000011010100111001011001100010
01000011010101101001100101100110
01000011010111100000101100111100
01000011010101110001011001000000
01000011001110000101101110110010
01000011001000100111111110000010
01000010110110100101011001111100
01000001101111001101010100100000
01000010010111101000010011000100
01000010111011010001010100110110
01000011000000011011110001010100
01000010111111101100000100100100
01000011000001000010011110010101
01000010111110111111101101110100
01000010111010101101011110011110
01000010110111001010010100100010
01000011000010011011001010010010
01000011001100110111011110011100
01000011010000001011010110101000
01000011001111100010111111100100
01000011010001000001000101000100
01000011010010001010111100101110
01000011001110110001110011011100
01000011001001100010000111101110
01000011001101110101010110100000
01000011010001001100100001000000
01000011001110000110111111011110
01000011010001011111001000111000
01000011010101101111110000011110
01000011010111010001111000111110
01000011010110010011011010100010
01000011010100101110010101101100
01000011010100100100111001000100
01000011010101100101110110000000
01000011010111000100000101000000
01000011010101110000110001111110
01000011001111100010001000110010
01000011000111100111001111110100
01000010101101111100100101011100
01000010011011111001110011010000
01000010111000010011110000100010
01000011000010010100001010011100
01000011000000101011101111100010
01000011000001100100110001011110
01000011000010001011000101001110
01000011000000000101110110101100
01000010110100111101100010010010
01000010110111000111110101010010
01000011000110111000000001111100
01000011010000010110000000000000
01000011010010110000111010111110
01000011010001100011101001100100
01000011010001010010101101101010
01000011010010100101110100001110
01000011010000001100111001101110
01000011001100111111110110001100
01000011010001000001010101111000
01000011001111011110001011011000
01000011001010111000011100111110
01000011010001001111001011111110
01000011010110001111010010101000
01000011010110011001111001100000
01000011010011111001011101001010
01000011010010111001110101100100
01000011010100000010100011111100
01000011010101010001111001100000
01000011010110100110110110100110
01000011010110000010110110011110
01000011010000001110001100000110
01000011000110110011110101101110
01000010110100100000011011100100
01000010111001100100010000010010
01000011000101101111011010110110
01000011000100100111111001011010
01000011000011111101110011010000
01000011000100111011100101010100
01000011000011111111010101010111
01000011000110000011110111011110
01000011000100110001001110001110
01000011001101110100101100011110
01000011011011001011100101110010
01000011100000101001110001110001
01000011100001010110001000101000
01000011100000011011011110101111
01000011100000000001011001110001
01000011100000101010000011111100
01000011011110010111110001101100
01000011011001101111101010101100
01000011011010100011101000100110
01000011011001001110110110011000
01000011011000100010001010011100
01000011011110010111011001101010
01000011100000100011100010010100
01000011011111000110010100011110
01000011011101011100101101010010
01000011011111000010110011110000
01000011100000111011110101010010
01000011100001111001110100101111
01000011100010100100001100110111
01000011100001111011101111011011
01000011011100100101001010010010
01000011010001000100000111110100
01000011001001011001110011100100
01000011001111000101010000001000
01000011010010100110110100111010
01000011010010000100111100001110
01000011010001111010111100101100
01000011000100111111010111010000
