00000000000000000000000000000000
00000000000000000000000000000000
01000010101100100001000011001000
00000000000000000000000000000000
00000000000000000000000000000000
01000010100011001111000010010010
00000000000000000000000000000000
00000000000000000000000000000000
00000000000000000000000000000000
01000001101010101001111100010100
01000010101001101101011111011100
00000000000000000000000000000000
00000000000000000000000000000000
01000010011101111101111001100100
00000000000000000000000000000000
00000000000000000000000000000000
00000000000000000000000000000000
01000010010000101011101001110100
00000000000000000000000000000000
00000000000000000000000000000000
00000000000000000000000000000000
01000001000110000110110000100000
01000001001000111110000001011000
00000000000000000000000000000000
01000010001100001101101000001000
01000010101001100000001101100000
00000000000000000000000000000000
00000000000000000000000000000000
00000000000000000000000000000000
00000000000000000000000000000000
01000001100111001110111010110010
00000000000000000000000000000000
01000010001011111011011011110010
01000001110010110010010111010000
00000000000000000000000000000000
00000000000000000000000000000000
00000000000000000000000000000000
00000000000000000000000000000000
01000010010100001100101111001110
00000000000000000000000000000000
00000000000000000000000000000000
01000010100101111000100010101010
00000000000000000000000000000000
00000000000000000000000000000000
00000000000000000000000000000000
00000000000000000000000000000000
00000000000000000000000000000000
00000000000000000000000000000000
00000000000000000000000000000000
00000000000000000000000000000000
00000000000000000000000000000000
00000000000000000000000000000000
00000000000000000000000000000000
00000000000000000000000000000000
00000000000000000000000000000000
00000000000000000000000000000000
01000010101101011101000011101110
01000001001101101101011011100100
00000000000000000000000000000000
01000001110010100011110011011010
00000000000000000000000000000000
00000000000000000000000000000000
00000000000000000000000000000000
00000000000000000000000000000000
