00000000000000000000000000000000
00000000000000000000000000000000
01000010000100010000011101110010
01000010010110001101001000001000
01000001101110100011110110110010
00000000000000000000000000000000
00000000000000000000000000000000
00000000000000000000000000000000
01000011000101010010110100011010
01000011000001100101100010110010
00000000000000000000000000000000
00000000000000000000000000000000
01000001101010111011001011010000
01000001110101100100001101001000
01000001101101111111101110010000
01000010000110110001101011110110
00000000000000000000000000000000
01000010000101000001000100000110
01000010110111001100001001110110
01000010111111000010111001111000
01000010001000101111011011101110
01000001010011110110011110111000
00000000000000000000000000000000
00000000000000000000000000000000
01000011011101100000100101000100
01000011010001010010100111100010
00111110110011000011001100010000
01000000000001110101011011100110
01000010001001100110101110110000
01000010001110010100011111100010
01000010010000000101110000001010
01000010100110101111001110011100
00000000000000000000000000000000
01000010000001010001001001001100
01000011000011000010000100100110
01000010101100010100101100011000
01000001101010001001001011110110
00000000000000000000000000000000
00000000000000000000000000000000
01000010110100111000100000110010
01000011100111101011111011100110
01000010111111010011101100011010
01000001111000010001100111100000
01000001000011011001001001010000
01000001100010000001000000000010
01000010000010100110000111001000
01000010000100110110010001110100
01000010011110100010100111101100
00000000000000000000000000000000
01000010010001111101010100000100
01000011000000001001000001011100
01000010000010000001101011101000
01000001101101101110010100100100
00000000000000000000000000000000
00000000000000000000000000000000
01000011001110000001101010000010
01000011100110110001001010000000
01000010001010101001011110001000
01000010100001000000001011010000
01000001110100100001001011001010
00000000000000000000000000000000
01000001100010110010111101110110
01000001101011100110101011101110
01000010000101100000100000111100
00111111010000010000101110111000
01000010010101110100011010001000
01000010010111100110000010100100
01000010010111000000111000110010
00000000000000000000000000000000
00000000000000000000000000000000
00000000000000000000000000000000
01000010100111011101011100011100
01000011011010101011110110001000
01000010110010101111000101000000
01000010101100001010000100001010
01000001001010011111111110111000
00000000000000000000000000000000
01000000001100100100100100011110
01000001110000100000110101101010
01000001001101110101101100000000
00000000000000000000000000000000
01000010001000110110100011001100
01000001110101110100111001111000
01000010011001000101001000111110
00000000000000000000000000000000
00000000000000000000000000000000
01000001101101011001011100010100
01000000101100100111011111110010
01000011010011110000101000101000
01000011001110010100111010000010
01000010100100111101011011010010
00000000000000000000000000000000
01000001001100101000111001001010
01000001101010001111110111011100
01000001100010011100011101101100
00000000000000000000000000000000
00000000000000000000000000000000
01000001110101000110110011001110
01000001100010001000101010000100
01000001110001100001010010010000
00000000000000000000000000000000
00000000000000000000000000000000
01000010100001110110101100111010
00000000000000000000000000000000
01000011000101011001000011101110
01000011100000000010001001110010
01000010010010111100011000010100
00000000000000000000000000000000
01000001011000101010000111011000
01000001101000101100100101001100
01000000110110110000101011011010
01000001100010101111100011011110
00000000000000000000000000000000
01000001101110001010011110000110
01000001101011011111111000000110
00000000000000000000000000000000
00000000000000000000000000000000
01000010011110100100110111000010
01000011001001010110101000110000
00000000000000000000000000000000
01000011000001111001110011000110
01000011001101011100110001111100
01000010001011111010010000000110
01000010010000101110000100110110
01000001101001000001111001000100
01000001100110111101010101001000
01000001011011001110111000000100
01000010000010100001111110110100
00000000000000000000000000000000
01000010010111101100111000001100
01000010001010001100000101011110
00000000000000000000000000000000
00000000000000000000000000000000
01000011001011001010111101000000
01000011001011111110111101110010
00000000000000000000000000000000
01000010011010011100101010110110
01000010100001001000101011111010
01000010101100100000011100000000
01000011000001010011001111110110
00111110101010010001010010110000
01000010000010111011110110111010
01000001110010001011011100110010
01000001110000001010100001000010
00000000000000000000000000000000
01000010000110001101010111011100
01000010101011000110000101010100
01000010010111101100001000111000
00000000000000000000000000000000
01000010010000111101110111100010
01000010101100011101111010110100
00000000000000000000000000000000
01000000111000110101101000010010
01000010000001110101110001011110
01000011000111101011101110110010
01000011010110100000011011100110
01000001010011010000010010011000
01000010000101000100001011010100
01000001110000101111000101001110
01000000110111010111011011100010
00000000000000000000000000000000
01000010000001100101110010100110
01000010111100100001001000000000
01000010110010111010101010101100
00000000000000000000000000000000
00000000000000000000000000000000
01000010100011011110001101101000
01000010001010100110001101010110
01000010100111110100100001000010
01000010100010110010111011111110
01000011010100010110011101110100
01000011011110101010010101010100
00000000000000000000000000000000
01000000001110001100010010010110
01000001111100001110100110101010
01000001100001010011001010011000
00000000000000000000000000000000
01000010101100111011011011111010
01000011000010110000011111100010
01000010100101011000011000111100
00000000000000000000000000000000
01000010011101100000111111100010
01000010110000111000011000011100
01000010010101101001001111111010
01000010101000011011100111010110
01000010101011001010110100011110
01000011010111101011001000001010
01000011000101110010101001001100
00000000000000000000000000000000
01000001010110001000011110011000
01000010011001110010011101100100
01000001100011111011001010011100
00000000000000000000000000000000
01000011000011111011001101110010
01000010010110101111010010100110
00111111110101010101000100001100
01000001001101010001000001101000
01000010110000100111110010001110
01000011000000011100010100010110
01000010001011111001111001100010
01000010101101010101001011111110
01000010100100011011100110111110
01000010110001111001100100100010
01000001110000111000000011011100
00000000000000000000000000000000
01000010111101100010100000010110
01000010110000010110000110000100
00000000000000000000000000000000
00000000000000000000000000000000
01000010111011000111100011011100
01000001000001011000000000000000
00000000000000000000000000000000
01000010000000011101111110011110
01000010101100100101101000110110
01000011000000101010001110111010
01000010010001011001011010111110
01000010100001000111101011110110
01000010100101110011101001101010
01000010001011001000001000100110
01000001111011101010001111101100
01000010001000101011010100111110
01000011001010111111000010110100
01000011000000010010011001100000
00000000000000000000000000000000
00000000000000000000000000000000
01000010101110010001001010101000
01000001001101100111001111011000
00000000000000000000000000000000
01000010011011110101001100111110
01000010100100110111011111100010
01000010110100011011110011001010
01000010100001111101000101101100
01000010011000111110110011111110
01000010110010000111000101100010
01000010101110011001011101011010
01000010011100100111111010100110
01000010110010000011000101101110
01000011000110011011111110111010
01000010101110001111010101010100
01000000010010101110111101100110
00000000000000000000000000000000
01000000100100010000010000010010
00000000000000000000000000000000
00111110101001000011110100110000
01000010011101010111011010111010
01000010100000001001110011001000
01000010100110100000111101011110
01000010100000101101100010011100
01000010010101110101000101011110
01000010100010010111010100001010
01000010011110101000100111001110
01000010011010010011000111111110
01000010101100101000111111011010
01000010110110011011100111011010
01000010101111100101111101000110
01000000010101011110101111100110
