01000001111110010010100001101000
01000010000011001101111110001000
01000001111010011100001010010100
00000000000000000000000000000000
00000000000000000000000000000000
00000000000000000000000000000000
01000010110110010011100101110000
01000011100001010101011110110110
01000001111011110100010100001100
00000000000000000000000000000000
00000000000000000000000000000000
00000000000000000000000000000000
00000000000000000000000000000000
00000000000000000000000000000000
01000001100010000000100101001100
01000010001101100100100110100000
00000000000000000000000000000000
01000010010001110101010100000000
01000001110010100000100111001100
00000000000000000000000000000000
00000000000000000000000000000000
00000000000000000000000000000000
01000010000100010100001100010000
01000011100101010000000011111010
01000010010000001010011001001110
00000000000000000000000000000000
00000000000000000000000000000000
00000000000000000000000000000000
00000000000000000000000000000000
00000000000000000000000000000000
01000000101011000010001110100110
01000010010000011010110110111110
00000000000000000000000000000000
01000010100011111101001001101000
01000001100111100100011001011100
01000000011110110110111011001110
01000001011111100111110001100010
00000000000000000000000000000000
01000010100001110111011010101000
01000011100011110110000000111110
01000001001110111101100110111010
00000000000000000000000000000000
00000000000000000000000000000000
00000000000000000000000000000000
00000000000000000000000000000000
00000000000000000000000000000000
00000000000000000000000000000000
01000010011110110110010100000000
00000000000000000000000000000000
01000010001001011101100111111100
01000000101111001101011000110110
00000000000000000000000000000000
01000001100110100101110101000100
01000001000001101011111111100010
01000011001010110100101101100010
01000011011111001111001001010010
00000000000000000000000000000000
01000010011001001100100011010000
00000000000000000000000000000000
00000000000000000000000000000000
00000000000000000000000000000000
00000000000000000000000000000000
00000000000000000000000000000000
01000010001101010001100010001000
01000000010101010110001010001110
01000001101011111000100001000000
01000000101101110100100010000110
00000000000000000000000000000000
00000000000000000000000000000000
01000001101010100101100111101000
01000011010100001110101111100010
01000011100010010100000010011110
00000000000000000000000000000000
01000001100010100101000101000000
00000000000000000000000000000000
00111111001101000100100101111010
01000001001111011111001100101110
00000000000000000000000000000000
00000000000000000000000000000000
01000001111111100110110100100000
01000001111110101001000110110100
01000001110001000111110010100110
01000000100001111110001111100010
00000000000000000000000000000000
00000000000000000000000000000000
01000010000011101100111010110000
01000011000000011011010111001000
01000011011111100101011000000100
01000010100100101100011010110010
00000000000000000000000000000000
00000000000000000000000000000000
01000001100011000010001010111000
01000001100001011001010100001010
01000000000010101100100111010110
00000000000000000000000000000000
01000010000001001101111100101000
01000001100111101011000000110000
01000001101001001001001011010100
01000001100010000101111101101000
00000000000000000000000000000000
00000000000000000000000000000000
01000010000101101111110110110000
01000001110011101111011111111000
01000011001111100100010110110010
01000011001101011111011001110110
00000000000000000000000000000000
00000000000000000000000000000000
01000001101010001111110001010100
01000001100011001101101101100000
01000000000100110100000011010110
00000000000000000000000000000000
00000000000000000000000000000000
01000001101000111110101111000000
01000001100010010010101010011010
01000000111000101001100001101110
00000000000000000000000000000000
01000001001011111101110100000010
01000001011110101100100001100010
00000000000000000000000000000000
01000010111000010111101100001100
01000011010110111001010101111110
01000001000000100111110001000010
01000010000101101010110011100110
00000000000000000000000000000000
01000001110100000100011010110010
01000001000011111101010110101110
01000000111101010101001111001110
00111101011101111110101010101110
01000010100011110100100111001100
01000001010011111100110100010110
00000000000000000000000000000000
00000000000000000000000000000000
01000011000001111001111100101100
01000010110011011110111000001100
00000000000000000000000000000000
01000011000000111101101011011000
01000011011101100010111110010010
01000010110011001110011111000110
01000010110100110011000001001110
00000000000000000000000000000000
01000010000101101111111010110100
01000000111011100101100010110110
01000001001000011000001001001010
01000001011100101101110000110000
01000011000100110011111100011100
01000010100110000001011110010000
00000000000000000000000000000000
00000000000000000000000000000000
01000010110111100110111010101100
01000011001001111111110110100000
00000000000000000000000000000000
01000010110101000010101000111000
01000011000110010001010011100110
01000011000011101011101001001110
01000010111001101001010100011110
00000000000000000000000000000000
01000001101110100001100011000000
01000001000001011001010010010010
01000001101001000111001011100110
01000010000000011110011100110000
01000011000111011000000111001010
01000010111110100001000010101000
01000001010010001100100100110110
00000000000000000000000000000000
01000001100000100101010101101000
01000010111100001110101111111100
00000000000000000000000000000000
01000010010101010000001110000000
01000010110011101111000110100000
01000011001100001001010011010010
01000011000111001011001110111010
00000000000000000000000000000000
01000010010011010100011111010010
01000010011100101101000111010110
01000010000010001101111101100010
01000010000100010100000010111000
01000010110101110111110011011100
01000010101010111011110110001000
01000010100100011111111011111000
00000000000000000000000000000000
01000001100110110110011001011000
01000010011001101011000010001000
00000000000000000000000000000000
01000010101111110100101010010000
01000010110110100110100111100100
01000011011000000100001110001000
01000011000111001100000110011100
00000000000000000000000000000000
01000010111101001001001100001100
01000010101101010011010111011100
01000010000001000111100000001100
01000010011000000010010100001100
01000010100011010111011101110100
01000010010001000010101001100100
01000010100010100101111001011000
01000010001010100111011110111000
01000010100000100100110000001000
01000010010100011001110000011000
00000000000000000000000000000000
01000010110010111110101110111100
01000010101101001100001101001100
01000011010001001110111010000000
01000011001010000011100101110110
01000010100010000001110001111110
01000011000010001011011111000000
01000010100111101010011001011010
01000001100011001011111001111100
01000010111010000110011001000000
01000010011011111111111111010000
01000010000110111000010000010000
01000010000001001100010100111100
01000010100111001000100111110000
01000010100110111011110101100000
01000010110001100011010001100100
00000000000000000000000000000000
01000010100110001110010110111100
01000010110000011110001100111000
01000011000000111000001110101000
01000010110101111110111000110000
01000010101011001010101101111100
01000011000011100000001001111100
01000010110011101011100111010000
01000001010111111101010000011010
01000011001000111010010010010110
01000010000010110000111111101000
00000000000000000000000000000000
00000000000000000000000000000000
01000010010001110100001101000000
01000001100110001011010110001000
01000010001000101111110011001100
00000000000000000000000000000000
00000000000000000000000000000000
01000010000010001100110100010000
01000001010111100011110110010010
01000000001101000010011001001110
01000010010110111111110010110000
01000010110000001001110111010000
01000010001101000000110110010110
00000000000000000000000000000000
01000011000101010101010110011000
00000000000000000000000000000000
00000000000000000000000000000000
00000000000000000000000000000000
00000000000000000000000000000000
00000000000000000000000000000000
00000000000000000000000000000000
00000000000000000000000000000000
00000000000000000000000000000000
00000000000000000000000000000000
00000000000000000000000000000000
00000000000000000000000000000000
00000000000000000000000000000000
00000000000000000000000000000000
00000000000000000000000000000000
00000000000000000000000000000000
01000001110001110111011011111000
