00000000000000000000000000000000
01000000010001110110001010100000
01000010001101011111101010011110
01000010011011101111011101000110
00000000000000000000000000000000
00000000000000000000000000000000
00000000000000000000000000000000
00000000000000000000000000000000
01000010110111100110000110010110
01000010101010000000100010001000
00000000000000000000000000000000
00000000000000000000000000000000
01000000101110111010100010001100
01000000110111000000011101101100
01000000101000111011000011011000
01000010001000101111000111000110
00000000000000000000000000000000
01000011000001001010111000111010
01000011001110011010100000000110
01000011000100100100111111100000
01000001101100001001101011000000
00000000000000000000000000000000
00000000000000000000000000000000
01000011010111001100001000111000
01000011100111111110001100011110
01000011000001100110111000101010
01000010011110010100000001110010
01000010100110100111011000001110
01000010101010101111110000011110
01000010101001011100110010011110
01000010100110001011101011101100
01000010111101000000111000111100
00000000000000000000000000000000
01000010111110010101000001111100
01000011001000101100001101101110
01000010011010111011011110101100
00000000000000000000000000000000
00000000000000000000000000000000
00000000000000000000000000000000
01000011101111011010001000100000
01000011101100110111010111000000
01000010100011001101010100000010
01000010000000101100001111011010
01000010001000101000001011010000
01000010001000001101111001111010
01000010010001110100010011000100
01000010011110000110001001011000
01000010111001010000011001101010
00111111111010011010010111000010
01000011000010001110100010101100
01000010111110110011110001111010
01000000101011000101110001001110
00000000000000000000000000000000
00000000000000000000000000000000
00000000000000000000000000000000
01000011101001111111110101001100
01000011100000110110111100100010
01000001101111001001011110011000
01000010010000000010110110010010
01000001111000001010001011111000
01000001100100100010010001111110
01000010000001001000001100100000
01000010001100110110000110111010
01000010110110001000000000100110
01000001010100000011010111010000
01000010110011011100011110111010
01000010001101101011100100001110
00000000000000000000000000000000
00000000000000000000000000000000
00000000000000000000000000000000
01000010010100011010110101010000
01000011010001011010000010100100
01000011000001111010101100110010
01000010110100111111110000001100
01000010100011101110110101011100
01000000010100011000101010011000
01000000110010010011000011110100
01000001111100000011010001100000
01000001110100111011010110111000
01000010101011000101100001000010
00000000000000000000000000000000
01000010001110010111010111101000
01000001011010101110111110101110
00000000000000000000000000000000
00000000000000000000000000000000
00000000000000000000000000000000
01000011000001010100001001011000
01000011001001111001110000100010
01000011010010110101011110001000
01000011010000001110011011110100
01000010010101001010111111001010
00000000000000000000000000000000
01000001101000001100011101010100
01000001001011111110101100110000
00000000000000000000000000000000
01000010010111010101001001111100
00000000000000000000000000000000
01000001110110100100010111111010
00000000000000000000000000000000
00000000000000000000000000000000
00000000000000000000000000000000
01000010100000001111000010001100
01000011010000101011000000110000
01000011001101110101111111010100
01000011011100010100001010010110
01000011001011110110000011100110
01000001100101100000011011110110
01000001011001011000101000010000
01000001111100111010101111111010
01000001101001110100001011100010
01000001010001010000111100001110
01000010101100010010101101000000
00000000000000000000000000000000
01000001100011010101110110010000
00000000000000000000000000000000
00000000000000000000000000000000
00000000000000000000000000000000
01000011001110010001011110011100
01000011011011011010111110101100
01000011010101011110001100001000
01000011011100110101111111000010
01000010110110111100110001100010
00000000000000000000000000000000
01000001110011111011000110110110
01000001001001001101100011110000
01000001010100010101111000000000
01000001101010011100111110110000
01000010100111011100011001110000
00000000000000000000000000000000
01000010000000001101000111001010
00000000000000000000000000000000
00000000000000000000000000000000
00000000000000000000000000000000
01000011000101011011101111101000
01000010101010010011011111100100
01000010100111100101110100111100
01000010101111111111111010000100
01000000101101111110010100000000
01000001110101011111011010100000
01000010101011100000010101111000
01000001000110100001010010000000
01000010000010101111111010111110
01000001111101100111000000010100
01000010010001001110110110000000
00000000000000000000000000000000
00000000000000000000000000000000
00000000000000000000000000000000
00000000000000000000000000000000
00111111111111101000111100000010
01000000111101111110100011000000
00000000000000000000000000000000
01000001110101101011110010010000
01000010110111110100110011111000
01000010111111001101100100110100
01000011010010111010011000110010
01000011000110010001011010111100
01000010010100100001011111011000
01000010010110101100010001110000
01000001000011100101111111001000
01000001110000010000101011001110
00000000000000000000000000000000
01000010000100111110100100011100
01000001111111101001100011011100
00000000000000000000000000000000
01000001100111101110010110010100
01000010010000011001111011011000
01000010001110111001111000000110
01000011000010010000010110000000
01000011000101101101010101010110
01000011010101111011001101001110
01000011011101100100001110001110
01000010111010000100011010110110
00000000000000000000000000000000
00000000000000000000000000000000
00000000000000000000000000000000
01000010000110101101011011010000
00000000000000000000000000000000
01000011001010111110111010110110
01000010010111011110101001110000
00000000000000000000000000000000
00000000000000000000000000000000
01000010111001110010011101111100
01000011000110100011100000000100
01000011000010101000110100011000
01000010111101100100011001101000
01000011010010010111000101101110
01000011000110111000011000000100
00000000000000000000000000000000
00000000000000000000000000000000
00000000000000000000000000000000
00000000000000000000000000000000
01000010010000001010001110001100
00000000000000000000000000000000
01000011010001000001100011001100
01000001101110010000011101110100
00000000000000000000000000000000
00000000000000000000000000000000
01000010101111100001011111110000
01000011000100001101101000100100
01000010110101110010101000110000
01000010111011000001100111010000
01000011000111101001010010111010
01000001101011000001111101100100
00000000000000000000000000000000
00000000000000000000000000000000
01000010110000001110001011111000
00111111000100110011001011001100
01000010010101001110101111011100
00000000000000000000000000000000
01000010110001001101011110100000
01000001010000001001111110101000
01000001011110010100100010010000
01000010110000101000101000100010
01000010100011000001101111100100
01000010101000110001110101001000
01000010100100111011011110000100
01000010110001111110110111011000
01000011000000101101100111011000
01000010010111100000000010001100
01000010010100001110110110011000
01000011001001110010011101111000
01000011000011110010010000101100
00000000000000000000000000000000
01000010110101000110001010000000
00000000000000000000000000000000
01000001111100001101000011110100
01000001100000001110001010011000
01000010101110010100101000001000
01000011001010010100111101111000
01000011000100101011110110111100
01000011000001110111011111110010
01000010111011011010010101001100
01000011001000001110010100101010
01000011010010011111011010000000
01000011001110000001000010100100
01000011001111111101001100101110
01000011100001001001111011000000
01000011001111001110000000110000
01000001110010000000011101000100
01000011001111111001111001001100
01000010101010000001110110111000
01000011010111001100011100101110
01000011100111001011101011100010
01000011110011000011110010110100
01000011111000100111011111100000
01000011110110010001110000001010
01000011110100100011111100001010
01000011110100000111010111110100
01000011110111101011110010111000
01000011111001101001111110001100
01000011111001100101011010110010
01000011111100110100011000100000
01000011111100001101000010100000
01000011101101000010100110010110
01000011100101101010010111100010
01000011101001111011111010100010
