01000011000100010011100100011100
01000011000101111101110110011100
01000010100111011100010100011010
01000010100010100100100000111110
01000010111100110011001011101010
01000011101001110000111111011110
01000011111011000011111100001100
01000011100110001110010110110010
01000010111001100101001000110000
01000010100001110110010100001000
01000010110001111110101100010010
01000010110011011110001010110110
01000010110001000101010100101110
01000010101000101010101100000110
01000010100110001101000010010110
00000000000000000000000000000000
01000011001110111110010111001010
01000011010010000110100110101100
01000010111110010001111111110000
01000010110111101010111101010010
01000011010000101100100111101000
01000011111000100110100111000010
01000100000011110101001110001000
01000011110000001110101111110100
01000011011111111011000000111000
01000010111010100011110011110010
01000010111011111110011000010000
01000011000011001110011011011010
01000011000101011100101110101000
01000011000110010100100010110100
01000011000011100010111011001110
01000001011001111110111110001100
01000011000110010100000110110110
01000010111111101100011101010100
01000010110000010010010111001100
01000011000001010010110000011110
01000011010000110010101010011100
01000100000001101111110111110000
01000100000000101101100100001100
01000011100010001101001110001000
01000011100000000010100011111000
01000010111101111001011110100010
01000010100101011100000100101000
01000010101011110111100100110000
01000011000010100100010111000000
01000011000100101001000011010000
01000011000110010010100000111110
01000010000001001011010101100100
01000010101111101011100010111000
01000010110001100010110010100000
01000010110110111101000111111000
01000011000111011000011000110010
01000011011011010100001101110000
01000100000011011000111111111010
01000011111011010100101110100000
01000011101001001011110110110100
01000011011101110001010010100100
01000010100110000100110100011010
01000010010101010001111010110000
01000010100000111011111010010000
01000010110110011000001011110110
01000010111110001110001010101000
01000011000011010010111010001110
01000010010001101001100011101000
01000010011111100101111111100000
01000010101011110001010001001000
01000010110100110010100000100010
01000011000101011110001010100110
01000011101101010010001100000110
01000100000011000000111110101110
01000011111011001111100001110010
01000011111001111000111100110100
01000011010110001000101101110000
01000010001010101110110110100100
01000010101101110100000010111000
01000010101001001110101011011100
01000010101000111010010100110100
01000010110000001000101001011010
01000011000100110010111011101000
01000010010111011010011010111000
01000010001111000010010100100100
01000010101000011010101000110010
01000010101010101001001010100100
01000011010011101111000001111010
01000011111000110011111010101100
01000100000100001001101110001000
01000100000100011110101111111110
01000100000000001011011011111110
01000011011100110000000010101000
01000010110100101111101100010000
01000010110111000111000000011010
01000010101001100111010111000000
01000010100011011001101111110010
01000010101100001000100010101000
01000011000001011011011101000010
01000001111101010010100011010110
01000010010100001110111000000000
01000010101110110100010111001110
01000010101110010000001101000010
01000011100100110001110000111100
01000011111001000101011010110110
01000100000011000101010011001100
01000100001000010010100000101000
01000100000010100011111110011000
01000011100010001011101000110010
01000010111010100100011001111100
01000010101011110011100000111010
01000010101000101111101000101010
01000010101101111000100010000010
01000010101110100101110100010110
01000010110110010011010011011100
01000010000101101010001100000110
01000010010101111011101001110000
01000010110000111110001011000000
01000011000000111000001110111100
01000011101101011011010001011000
01000011101111101110001011111010
01000011111001010100010110101110
01000100000010010110011110000010
01000100000001001100101010100100
01000011101101001011000111001010
01000011100001100000001001010010
01000010101011100100101100001100
01000010100001000010100010101110
01000010110100000000111001101110
01000010101100011011100001100010
01000010101010100110000010010010
01000010000101100000100110111110
01000010011100110101000110111000
01000010101010010011011110001000
01000011000111111110001110000000
01000011101111000111011010111010
01000011101111001110011100000110
01000011110101010101011110000000
01000100000100000101001101111000
01000011111101100111000011011010
01000011111001000100000111011010
01000011100111000111010001111000
01000010110111100111110110011100
01000010110100011101110010110100
01000010111001100000111101000000
01000010101110010011000111000110
01000010110000010001110010110110
01000010000110000111101011101000
01000011001001100100001111111110
01000011001000000100011111110110
01000011001000011010000101101100
01000011101010000110110111010110
01000011101101111011000101110010
01000100000000101111111011101100
01000100000010011111000100011100
01000011111101110100001010101010
01000100000101100111001000101110
01000011101110001001100010011110
01000011011000001000010111010000
01000010111100100010111111101000
01000010110110110011010011111010
01000010110110111100000111011100
01000010111110001110011000010000
01000010000001110111110111001100
01000011011010110100000111011000
01000011100000110111000010111010
01000011010110101010000011111100
01000011101000001110110100100000
01000011110111000111011110011100
01000100000110001000101001010100
01000100000111001101011101001010
01000100000101000101100111100000
01000100000111100000111110011000
01000011101111001010010100110000
01000011100001001101100010000010
01000011000110111110001100101000
01000011001000011011001101000110
01000010111110011000111101011000
01000011000101100001000111011110
01000001110001100011011010000110
01000011100000111100100010000100
01000011101110001000010111110100
01000011101100101110000011001010
01000011110111011111111010110110
01000011111001010000011010011110
01000011111111111110110110100010
01000100000111010110101000000110
01000100001001111100100011011010
01000100001000000101111111010000
01000011110011001110010010010110
01000011101101101111011110011000
01000011100101101000010101100100
01000011011100010000101110001010
01000010111110111110000000101100
01000011010101101111100101000010
01000010001011001101001001100000
01000011100001110000010001010100
01000011110110001100011011111010
01000011111101111010010100100010
01000100000001011010111000010000
01000100000000011011110010011000
01000100000011100010111001000100
01000100000101001001000011001010
01000100001010001110001111000010
01000100001010001001111001010100
01000100000010011010011110011010
01000100000100101010010001001100
01000011111010100110100011101000
01000011101101110000010001011010
01000011010101010110001000100100
01000011100101110100000100011100
01000010101001101000110000101010
01000011011101110011011010000000
01000011111001100001100110000000
01000100000011001111111001000010
01000100000110101100101011100000
01000100000101111111111010111100
01000100000111111110110110110010
01000100000110101110011000011110
01000100001001101100000110001010
01000100001011011100111011000100
01000100001001001110001011010010
01000100001010111100011100100110
01000100000110001110101110010110
01000011111111000111001001001110
01000011110001111000111100111000
01000011101101001111111100101100
01000010110110000011001111010000
01000011100011010000111110100110
01000100000011000011110101101000
01000100001000100110010101010110
01000100001100001010011111000110
01000100001011010110101001100000
01000100001011011000000101011100
01000100001011101000011010011110
01000100001101110111000000000110
01000100001111000101110100101000
01000100010000011101111010001100
01000100010010101011101100110000
01000100001110111111000111100010
01000100000011010001110001110010
01000100000001100101100101101110
01000011111011111000000101111000
01000011001000110101000010100110
01000011001010001000000100100110
01000011101111110010100000101100
01000011110100111101100001111010
01000011111110010010111011101010
01000011111101111000100011001100
01000011111101011100011110101000
01000011111111001111110011011110
01000011111111010001000010110110
01000100000000010010000101010100
01000100000010010001010001100100
01000100000010000111001101101100
01000011111111110000000010010110
01000011110111001000000000101110
01000011110100001111010011011100
01000011100110101110101011110010
01000011011010011101101010000100
