00000000000000000000000000000000
01000010011101100001001110000100
01000010010010001110101111011000
01000010011000010101101100111010
01000010101111000111011101011010
01000010100111111111101110000111
01000010000110000011010011010000
01000001111101100010010010010000
01000010001010001011100001010100
01000010010010101110011011110000
01000001110001001110001111001110
00000000000000000000000000000000
00000000000000000000000000000000
00111111101101000000000000100000
01000010101010111000111101001010
01000011000110111110101000100101
01000011001011001111110000000000
01000010011101100000011110101010
00000000000000000000000000000000
00000000000000000000000000000000
00000000000000000000000000000000
00000000000000000000000000000000
01000000100100100011010100111011
01000001110001000000110011110111
01000010000010101111010111101001
01000001111101110101100000110110
01000001111101011110010000110000
01000010000000000011101001000111
01000001111111000101111010011010
01000010000001011111011101110101
01000010000001000011101011101100
01000010100110010001101100000000
00000000000000000000000000000000
01000010110000011011111110110100
01000010101001111001110001000010
01000010110101110001010011100100
01000011000101100101100000010001
01000010111111010101001010011010
01000010011010011011010000001000
01000001111000000000001101101010
01000010011111100011000100001010
01000010100101001111011111100110
01000001100010000000000001000011
00000000000000000000000000000000
00000000000000000000000000000000
01000010001111111010010110011010
01000011001101000011000110001011
01000011100011001000011110111000
01000011101001000101000110011100
01000011000000110011011111011101
00000000000000000000000000000000
00111111101001110110010101011000
01000001101001111101001000100110
01000001101011000101111011101001
01000001100101100010011111001011
01000010000100001110010000011100
01000010001001010101111111001100
01000010000101000001101100100010
01000010001101001001001100110110
01000010010100110111010110011010
01000010010101101000011010010100
01000010011000101101001110101010
01000010011001010001001101111100
01000010110100101001011011101000
00000000000000000000000000000000
01000010100000010111101111001111
01000010101001001100010001101100
01000010111101010111111010001110
01000011000111110001000101000100
01000011000000100011100010000110
01000010010100000001000111011110
01000001010100101011001000101010
01000010010001100001001000100010
01000010001110001100011111110000
00000000000000000000000000000000
00000000000000000000000000000000
00000000000000000000000000000000
01000010101111110111000011110001
01000011100011001010000100101011
01000011110011001000101110010000
01000011110010100101001110111100
01000011000011001100000101100100
00000000000000000000000000000000
00000000000000000000000000000000
01000001111010100000101010111000
01000001111001000100101000010000
01000001010100100111100100110101
01000010000110110001101100101110
01000010000000001011101101001000
01000001100001011101111001111001
01000001111010111000101001100110
01000010010001100000100100000110
01000010011000101101101101100110
01000010011011110101001110101110
01000010011100100101010000111000
01000010110111101000100011010010
00000000000000000000000000000000
01000001001001110011100100110100
01000010100100010110011000110011
01000011000001010000110101100100
01000011000101110001011001010000
01000010111100111000100011111010
01000010100000101000010000101011
01000001111110001101101001100010
01000010001000000011010011011000
01000000111000110001010011101110
00000000000000000000000000000000
00000000000000000000000000000000
00000000000000000000000000000000
01000010100001101000001001111000
01000011101010000100010000010100
01000011111100001010111100100010
01000011101111101101110010001110
01000010111100100001110111010110
01000000111101001010111011011100
00000000000000000000000000000000
01000010000000000000110000100001
01000010000101100110000001000100
01000000011100100010101000101100
01000001111110011111001000001010
01000010000001000001101010000110
01000000100001000101010100110100
01000000100010010001100010011111
01000010000000000100100011110000
01000010011001001011001101001110
01000010011101101000101110110000
01000010011110011101100101000000
01000010111010100100111101100100
00000000000000000000000000000000
00000000000000000000000000000000
01000010100110001001010101110001
01000011000100111100110011011111
01000011000000001010110100100001
01000010101110010001001111111010
01000010100001101111111101110010
01000010000000100110000000111001
01000001010101000111101100101011
00000000000000000000000000000000
01000001010111001010010000010000
00000000000000000000000000000000
00000000000000000000000000000000
01000010001011111000000101111110
01000011110010110101110101100100
01000011111101001000001011101010
01000011100010100011010100101010
01000010101111000110110001110101
01000010000110000110000011011001
01000000000111111111110001010110
01000001100010001110111001110011
01000001110100000000010110111010
01000000010101101111011100110110
01000010000101100001111000111011
01000010001101110111011011111011
01000001000000000001011111100000
00000000000000000000000000000000
01000000000101000010111011000010
01000010001000111001000101011000
01000010100000011100110001101100
01000010100001010110110011011110
01000010111101100111100100000110
00000000000000000000000000000000
00000000000000000000000000000000
01000010110010001011101000011110
01000011001001001111110001100110
01000010110010100100010001010000
01000010010100100011010001010110
01000010001101001101110010100000
01000001100010110011101000101101
00000000000000000000000000000000
01000001110111101000111101111010
01000010100001110011001101011001
00000000000000000000000000000000
00000000000000000000000000000000
01000010101000001111000001011011
01000011111101000101101111010110
01000011110111001111001011101000
01000011001000001111000111111010
01000010010010111010011001101000
01000010001100000011101001101110
01000010000001000010011100000001
01000001011000011110011001100110
01000001001101011010100111011110
00111111110100110101001001110100
01000001111011011011111011000000
01000010001111011011000010011110
01000001100110111011111010110011
01000001011001010001111100010100
00000000000000000000000000000000
01000001010000001011110101111000
01000010010110011000010100011110
01000010100010111001101001011011
01000010111110111111101100011000
00000000000000000000000000000000
00000000000000000000000000000000
01000010111011111110001111010100
01000011000100110001001110001000
01000010100001111110110010100101
01000001110111001110010101101110
01000001100101111110101000010011
00111111000001010101111110111000
00000000000000000000000000000000
01000010000011100110111001100001
01000010101001000001111011110000
00000000000000000000000000000000
00000000000000000000000000000000
01000011001010100000111111011111
01000100000001101101100101001110
01000011101100110010000011100001
01000010100110010011011011001001
01000001000111111001100010001100
01000010000100011011111001110111
01000010100000100010111110011101
01000001111101000001001111011010
01000001011111000001110001100110
01000001010101010000111110010010
01000001010011100010010111110110
01000001110001001001001000111111
01000001110101001110010010010010
01000001110111101101101110100001
01000001100001001011001001100110
01000000001000101111100100000000
01000001101010110000111100111110
01000010010011001101001101100010
01000010111011011101101001011100
00000000000000000000000000000000
01000010000100101110001100001100
01000010110111011000001001000000
01000010101011111000111110111100
01000010001100101110001111101100
01000001111101001001110010111110
01000000100111010101111100101001
00000000000000000000000000000000
00000000000000000000000000000000
01000010001010000111100100000111
01000010101000010001010011111000
00000000000000000000000000000000
00000000000000000000000000000000
01000011100001111001011111111100
01000100000001110100010010100110
01000011100001001010110110110101
01000001001010011101100010101100
01000001110110101100111010101000
01000010100111111010011010111111
01000010101011101100110110001000
01000010010010000000001111111010
01000001100111011011101010011000
01000001100000111111000011101111
01000001000110110101111011110110
01000001000101001101100101100100
01000001110101110011111111010010
01000001111100000001101110011110
01000001110011111001111000110001
01000001010111010000011010101110
00000000000000000000000000000000
01000001001011011011010101100010
01000010110100111101110010011000
00000000000000000000000000000000
01000010100011010010101101101111
01000010100101101111100001110101
01000001111110100000110000110100
01000010000110110100001010001100
01000010001001111110010011011011
01000000010111011101100000000110
00000000000000000000000000000000
00000000000000000000000000000000
01000010100000001111110000000010
01000010100001001111100011110001
00000000000000000000000000000000
00000000000000000000000000000000
01000011101010100110101011001001
01000011111111101110100001100000
01000011010101110011111000100100
00000000000000000000000000000000
01000010100010001001010001011001
01000011000100001010100101011000
01000010111011011101100001110100
01000010100001000100011101100110
01000001001111100110001001100010
01000000111111111001111111101100
01000001001110111100100101000111
01000001001100001101001001010010
01000001011111011010001011000100
01000001110110011000110000110010
01000010000110111011111000110100
01000001111100011010101100011000
00000000000000000000000000000000
00000000000000000000000000000000
01000010101001101000000011010101
00000000000000000000000000000000
01000010100101101111100010011100
01000010001011010000001000010110
01000001011010011111010110011000
01000010000101100001101011011111
01000010000100100010110111000100
01000000101011100111101011110010
00000000000000000000000000000000
00000000000000000000000000000000
01000010010010101111100100011110
00111111111010011001100001100100
00000000000000000000000000000000
01000010100001111101000011001100
01000011101001100011101011110101
01000011111000111001011010100010
01000011100011000001010111000100
01000001110111110011001011101010
01000010100100110000001111010011
01000011000110000100100010101011
01000010111101100111001001111100
01000010010001000010010110101000
01000000011101111000001111110100
00000000000000000000000000000000
01000001010011011110001110010011
01000001110101110101101111000001
01000001011011101010101100010000
01000001101100000011100110111111
01000010001001000000111011001001
01000010000110111100111010100010
00000000000000000000000000000000
00000000000000000000000000000000
01000010011110001001100111110010
00000000000000000000000000000000
01000010010111010111101101110110
01000010000101110011001110011011
01000001111000000000100100001000
01000010000010100011000001001001
01000001110000001100011000000000
01000000011000010101100000000010
01000001100110000010000001010111
00000000000000000000000000000000
00000000000000000000000000000000
00000000000000000000000000000000
01000000111001110111100111111000
01000011010000110000100001010011
01000011100010101110001001100111
01000011101100011010110010010100
01000011101101111011011111111010
01000011001110101000011001011000
01000010110001010110011010010110
01000011000000010001100010111100
01000010101010001110100001101101
01000001010110001100001111000010
01000000100110111100110110100000
01000000011110000011101110111000
01000001001110111101111110000100
01000010001011011000001111101010
01000010000011001010011011110001
01000001111001001000001111100110
01000001111001010100101011001000
01000001110110101011101101100100
00000000000000000000000000000000
00000000000000000000000000000000
01000010100101100111011100001110
00000000000000000000000000000000
01000010010010100010101011011100
01000010001010110001101011000100
01000001111101111101110001101000
01000010000100110100101111000010
01000001101000010101110011010110
00111111110101001001001011010100
01000010000010010110011010011110
00000000000000000000000000000000
00000000000000000000000000000000
00000000000000000000000000000000
01000011000010111000101110100100
01000011011100110010100011011100
01000011011100111110111110101000
01000011100010110110000110011100
01000011101100110010101011101100
01000011100110111100100010110100
01000011001000011101111101010000
01000010110000101111000110101000
01000010000011101111011100100110
00000000000000000000000000000000
01000001000100000100110000101011
01000001001110110001011001100010
01000001010111111110110111010110
01000010010010100100011101010001
01000010010011001010101010101000
01000010000000100011110001110110
01000001100010100101110101000011
01000001001111100100110001001001
00111110110011110101101101000000
00000000000000000000000000000000
01000010101001010100101001110101
00000000000000000000000000000000
01000010011100000000111010110000
01000010001101011110101010011100
01000001100001100011001011101100
01000010000001100000101010011100
01000001111001111101100001011010
01000001000101111001000101011101
01000001110111110010011001001010
00000000000000000000000000000000
00000000000000000000000000000000
01000010000110001011000000101001
01000011010011011110011100011011
01000011011011110111010011110100
01000011011100110010001101100110
01000011100001001111110110101101
01000011101000110110011111100001
01000011101101101100000011011001
01000011011111000110010000001000
01000010101111111001100100111110
01000001100000110000011111010110
00000000000000000000000000000000
01000000100000011100010111110011
01000001010010000110011101101010
01000001111110111101111000110110
01000010011001100001110100011000
01000010010011101001110000100000
01000001110010001011101101110111
01000001000001010010000100110111
01000001010100001011000100110110
01000010000000100000110001110010
00000000000000000000000000000000
01000010100011100101101111011100
00000000000000000000000000000000
01000010001110001000010000100000
01000010000010101000100100010010
01000001100010011100101110011111
01000001101000111100011001011111
01000010001011011011001010111110
01000010000000011010000111111110
01000001000010011100111101101000
00000000000000000000000000000000
00000000000000000000000000000000
01000010111000110111100000111000
01000011010101101001110101011100
01000011011001101011001110111110
01000011011101001011110001100100
01000011100001100011100001010110
01000011100101111110010100111000
01000011101110111111100001010001
01000011101000000111101100011101
01000010111010100110001101100000
01000001010011101110011101010010
00000000000000000000000000000000
00000000000000000000000000000000
01000001100001100101010010101110
01000010010001101010111011000101
01000010011101111101011111111100
01000010001000010100110100100110
01000000101010101101101110000111
01000000101110111110101001001110
01000001110010111011101000110001
01000010010100100000111101100110
01000001111010010011011001100100
01000010010111100100101010111000
00000000000000000000000000000000
01000001111010001110011111001100
01000001111001101110100100101110
01000010000011001010110000101110
01000001101000100001110000111010
01000010001001001010010010110011
01000010001111001111001101001110
00111110011101101111111101100000
00000000000000000000000000000000
00000000000000000000000000000000
01000011010010011001101000001110
01000011010011100101101001100000
01000011001101100110000010100110
01000011001000110011100101011000
01000011001101000011001010111011
01000011100100000000101111011011
01000011110010010100001000001010
01000011101010110001111110010101
01000010111011001011010111101100
01000000111010010001001101011000
00000000000000000000000000000000
01000000111011011111110001111110
01000001111101111011010000011110
01000010001111101001100101001011
01000010010011010000111110000110
01000001110110001000101011100000
00000000000000000000000000000000
01000001011100110101110110100110
01000010000101110111101111001010
01000010010110000000011110100110
01000010001011001000001101111001
01000010001100101111101110110110
00000000000000000000000000000000
01000001111000001110001110101010
01000010000011000111111111100010
01000010001100010011010110010000
01000001111100011111101100011100
01000001110010010100011100111000
01000010001000010111110000100110
01000000001000101100000100000000
00000000000000000000000000000000
01000010101111010010110100000001
01000011100001111101111100011000
01000011000111001011010111100101
01000011000101010111111111011110
01000010110011100101000000000000
01000010000000010110000111110011
01000011010010010011010111110110
01000011110100001001100011011000
01000011101010101100000111011011
01000010110010100000101101110110
00000000000000000000000000000000
00000000000000000000000000000000
01000001110100110010100010011101
01000010010010010011111110001100
01000010001010010001001110001011
01000001111100101001110111111010
01000001101000000110011011111011
01000001110111000111000011110010
01000010000101111011100110011111
01000010000101011011000101100111
01000010010001111000000111011110
01000010001100001111100001001110
01000010000100010000100110110101
00000000000000000000000000000000
01000010000110101110100000111011
01000010000111101010100001010100
01000010001010100001001011101101
01000010000101101111001000101011
01000001101101010001011010011111
01000001101111001100000001001101
00000000000000000000000000000000
00000000000000000000000000000000
01000011010001011100100110110101
01000011100001010010110000000011
01000010100110111001111010010001
01000010110011000110010101011110
01000010101011000111110010011101
00000000000000000000000000000000
01000010110000010011110100100101
01000011101101011111010001011101
01000011100110011011011101100001
01000010001101101100100000001100
01000001010000010011111101101000
01000010101110001100011011000101
01000010100001001010110000101010
01000010011010100110100110010100
01000010000010111111001001011010
01000001110000000000011110101101
01000010000011010001011111011011
01000010010000101001000000101110
01000010010010100001101110011100
01000010001101000110101011000110
01000010001100000001000110000100
01000010001000011011011101001011
01000010000000001101000010010100
00000000000000000000000000000000
01000010010011001010011001001100
01000010001000111101110001001001
01000010001010101110111100001110
01000010000110010110110100000100
01000001110101101000110001001000
01000001111000000101110000101111
00000000000000000000000000000000
00000000000000000000000000000000
01000011010111010110011010110110
01000011100101011010110110111101
01000010110001111111011100100100
01000010010010111000010000101000
00000000000000000000000000000000
00000000000000000000000000000000
01000010111000001100110010001001
01000011101010000011100001000110
01000011100000101100110110101100
00000000000000000000000000000000
01000010100101010001100101111100
01000011011110000000011110100110
01000010110101111010111110110000
01000010001011110100110100010110
01000001010010100000001111000100
01000010000110101101010010001010
01000010100011001011111010011110
01000010011000001110111101110000
01000010001110000011110010111010
01000010010001001111011110000100
01000010001010000001111010101000
01000010000111101000010111001010
01000010001000000011111001110001
00000000000000000000000000000000
01000010110010110111001101011010
01000010011110100101110110001110
01000010010010000010010111000000
01000001111101001001111111101100
01000001100100011111111101101110
01000010000000010101110001111001
00000000000000000000000000000000
00000000000000000000000000000000
01000011010000001100001000000010
01000011101011011001110101110001
01000011001100011011101110110000
01000010001010001100100101110101
00000000000000000000000000000000
00000000000000000000000000000000
01000011010001001000010110110011
01000011101010100101001101010001
01000011011111111010100001000010
01000010000101101011101101000111
01000011001110000111000011110100
01000011101100010100000110101000
01000010111100111011100001010110
01000001111000010011000111001010
01000000111000011010001011010100
01000010011001011110001001101000
01000010101100100011010011111100
01000010011010010000001000001010
01000010010000000100101110010010
01000010001010010111010001110111
01000010000100101011000010111010
01000001111011000011010001110000
01000010010000111101110001110110
00000000000000000000000000000000
01000011001000000110000000110000
01000010110001111101010001111100
01000010100100101001010001110111
01000010000010100001010000001011
01000001011101000000100101011000
01000001110100000110111101111000
00000000000000000000000000000000
00000000000000000000000000000000
01000011001110110010100001001011
01000011100111010110010101010001
01000011001100111010101111010000
01000010011111001000011010111110
00000000000000000000000000000000
01000010010101001011001000101010
01000011011111110110110011101010
01000011101000110101110100101100
01000011011010011110111111101110
01000010101111010110101110111101
01000011100010111101010011010110
01000011110011011110001011001100
01000011000011101110101000001100
01000001100111011000111111101000
01000001101100001011110000010110
01000010011001111011110001000010
01000010100100000010000000010111
01000010001001101101111001000111
01000010001100111001100100001010
01000010000111010110101101101011
01000010000100000101101001001100
01000001011001001000000110110110
01000010010011111101010010100100
00000000000000000000000000000000
01000011001011111001110110010011
01000011000101100111011001001000
01000011000101110111000010010100
01000010100111111100111000010001
01000001111000000011001100100100
01000001110101000101100101010110
00000000000000000000000000000000
00000000000000000000000000000000
01000010111100000011111111100000
01000011010110101110110010111000
01000011001100011110110110011101
01000011000010011010110000001101
01000010110111110100110100010000
01000011001001010111010000001010
01000011100001110101000011001100
01000011100011111011000110100111
01000011010011110100001100010111
01000011001000101100011000000111
01000011101001101101110101100101
01000011110011010110001100001110
01000011001011010011100001001011
01000001110110000010110010001010
01000001111000110100100111000110
01000010001101101111111011110010
01000010001111101011011110110000
01000001100110011010110001001011
01000001111110100101101110110100
01000010001001000110111001010010
01000010000101110101011000011111
00000000000000000000000000000000
01000010011100000110100110110110
00000000000000000000000000000000
01000011001101110010010000010000
01000011001111110101111110101001
01000011011010010110011010101000
01000011000111100010001100011011
01000010100100001100111001100110
01000010000110101010010100100001
00111110110000000110010101010000
00000000000000000000000000000000
01000000101101010010010000111000
01000010101111001011111101011111
01000011001110011001011001010000
01000011010010010001110101001110
01000011001110011011111110110010
01000011010111001001011101010110
01000011100001011000111010110111
01000011100000010101111100100110
01000011011010101001111111111100
01000011011111110100101111010010
01000011101011010111010100011010
01000011101101000111001100011011
01000011001011000100110110111000
01000001111100000011100101111010
01000001100010001000010110010111
01000001110101000010101000100000
01000010001011110010101000101101
01000001110011101001001100101100
01000010000011000010101100101100
01000010001110110110100111010011
01000001111000111101011001011000
00000000000000000000000000000000
01000010100101100101001100001000
00000000000000000000000000000000
01000011010110101000100011010100
01000011010110100100111000010110
01000011011110111100001100011100
01000011010110000000111111111000
01000011000010000011000101101100
01000010011111101001110001101110
00000000000000000000000000000000
00000000000000000000000000000000
00000000000000000000000000000000
01000010101001010110110110101101
01000011010100111011101111000100
01000011011001001000110110001100
01000011010011100000000110111011
01000011011100100011001100111110
01000011100001011101101111100001
01000011011110000111110000011000
01000011011111000000010011001110
01000011100011100100011010110000
01000011101001100000001111111000
01000011101000001110111000101111
01000011000101011111010100110001
01000010000101100000110011011000
01000001101001111111110100100101
01000001000000101111101111111100
01000001111001101111110000111000
01000010001100100111001101101000
01000010100011010100000111000001
01000010100101101101100101001101
01000001101001000111011111110001
00000000000000000000000000000000
01000010110001100100101000001101
00000000000000000000000000000000
01000011011101111000111111001100
01000011010111000111111011011110
01000011011001000111100000010110
01000011010101010100001100001000
01000011001000011110011000010101
01000010100101100011011101010101
00000000000000000000000000000000
00000000000000000000000000000000
01000010000001100111001000101111
01000011000101100011110001001001
01000011011001011010001100001110
01000011001111101001101100010111
01000011001011000110000101100011
01000011011110101100110011110100
01000011100010101000100011000110
01000011011100100010011100110110
01000011011100010000110111010000
01000011100001111000011011011001
01000011101010110100000100111000
01000011101000001001101111100100
01000010111110100011100111000010
01000001110101001101101001101110
01000001010100011110011111110000
01000001100000100110100001111100
01000010010001000101000010001010
01000010101000100011000100011110
01000010111011101111101111010100
01000010111000011011100000111100
01000001001110101010010110011010
00000000000000000000000000000000
01000011000000010110111101001011
00000000000000000000000000000000
01000011011100010111110010110010
01000011010010100101001010010100
01000011001111111100000001001011
01000011001100010010011100100110
01000011000110011100011101001110
01000010101010101000001000000001
01000001101110001001101000011010
01000010010111110100001111100110
01000011000100110111000110100110
01000011011010101010010000111110
01000011011011111101001100010110
01000010111000000001010001111010
01000010110010110111100010010010
01000011011001100100110011000010
01000011011110010110010000100100
01000011011001110100010101011110
01000011011100100001001001101010
01000011100001110011101101001001
01000011101100010011100110110011
01000011100110101101100001000101
01000010110010111010011001101100
00000000000000000000000000000000
01000001100100001110111100011010
01000010101101111111110111101000
01000010111111001011000111011000
01000011001001000110010000101001
01000011001101101001100110110101
01000010111011101101000000100010
00000000000000000000000000000000
00000000000000000000000000000000
01000011001000001010010010111010
00000000000000000000000000000000
01000011010011110101111000001010
01000011001001101111111111011001
01000011000101010010011110100000
01000011000111001000100000010010
01000011000100000110100010011001
01000010110001001100011100000111
01000010110010011010000101110011
01000011000110100000100110001000
01000011010110010111110000111000
01000011100011100101101101011011
01000011011111010010010111001100
01000010100001110101110100001001
01000010100001100000000100101011
01000011010110110100001001110000
01000011010110000001001110100110
01000011010101100110100111001010
01000011011101100000001001011100
01000011100001101010001110001101
01000011101000100100000011001000
01000011100010101110110111011001
01000010111000001000100001000100
01000001110000001110111010010010
01000010110010010011010101000011
01000011010111000001100101100100
01000011010101001111101110010010
01000011011111000101011100011010
01000011011111001000100100101010
01000010110000000001101111010010
00000000000000000000000000000000
00000000000000000000000000000000
01000011010100111001111101011000
00000000000000000000000000000000
01000011001011001011101011010011
01000011000111101010011010111101
01000011000000101111110011110011
01000010111110001100010011011010
01000010111101001110100111110000
01000010111110000001110100100110
01000011001010011011011000111010
01000011010101101100011100000100
01000011011010111011011101010110
01000011100011100101000010001101
01000011100010011110101000001111
01000010110001000100111001101001
01000010101011111111000101010000
01000011010100111110100101010110
01000011010101001110100111000100
01000011010110011101010011101110
01000011011111000100100100000100
01000011100001010011011010110000
01000011100011100011101100011010
01000011100000001001111101111100
01000011001100010000001010001100
01000011000011001110000101011101
01000011011001010001101001010010
01000011100110001110000010110101
01000011100001111010101011111000
01000011100110000111010111001011
01000011100011100000011010100001
01000010010100001001101011111110
00000000000000000000000000000000
01000000101101001111101101011000
01000011100000110011010010111111
00000000000000000000000000000000
01000011000110010010001110100010
01000011001010001011100011100111
01000011000100010101101011101001
01000010101010101010110010010110
01000010101010001101010111110101
01000011000111110010100011010101
01000011010100011111001110110111
01000011011010001001001101101010
01000011011101110100100001110100
01000011100001101100010100000110
01000011100010001100010100110111
01000011001001000100111000000010
01000011000011010001110100010000
01000011010010001111010110111111
01000011010100011011111011111100
01000011011001110001000101001110
01000011100001000010101011010111
01000011100010111000010110111101
01000011100011100001100011110010
01000011100001110101101010011100
01000011011011101011001000000010
01000011011100100100100000100000
01000011100101101101000010111100
01000011101001001110000000111111
01000011100110100110101000111101
01000011101010101011001110000000
01000011011111000110011110010000
00111111101011100111111111100000
00000000000000000000000000000000
01000010101010101110001100000110
01000011100100111101101000000101
00000000000000000000000000000000
01000011000010111010011001000111
01000011000111001110001111000101
01000011000000100010011100011110
01000010011011011111101011110000
01000010100111001110100100011111
01000011010000010101011011001110
01000011011011001010010101100100
01000011011010101010111001001110
01000011100000110011100000111101
01000011100100101101010110011101
01000011011111010000010110000110
01000011001111110100011100010011
01000011010110010000010101010000
01000011011000101000001101111100
01000011010011100100000110111100
01000011011100000000001100011100
01000011100010011011100010010111
01000011100100101101010001100111
01000011100100110100010110111100
01000011100011001000110110001001
01000011100001011111101110000101
01000011100010100001101000111010
01000011100111001100000011111110
01000011101001101011011111101111
01000011101010010010101001011101
01000011101010100111010011100111
01000011001011111001111101110111
00000000000000000000000000000000
01000010011100001010100010101000
01000011000011001110100100010111
01000011100110111011110000110110
00000000000000000000000000000000
01000011000100010110011110110000
01000011000101001001010011010001
01000010101101110010001101000110
01000010010000101111101111110111
01000010110101111001101111011000
01000011010110100100110101001000
01000011100001010001011010100111
01000011011110001010101011100010
01000011100000011110100011010010
01000011100101011001001100111010
01000011011111011001100101110100
01000011010011110001011001010101
01000011100000111100000001110011
01000011011101101010110010000100
01000011010000001110100100001101
01000011011010000100011011111110
01000011100011100101000100001000
01000011100101010111000111110100
01000011100011010111001100100111
01000011100001010101101000101110
01000011100001001100010101011110
01000011100010110011110011110011
01000011100110111001011110010111
01000011101010000000111101001111
01000011101011110111101110101100
01000011100100011101110000110010
01000010111011101010111011001010
01000010100001110110110010011000
01000011000100000001101101100111
01000011001010010111010001011100
01000011101001110010100001111110
00000000000000000000000000000000
01000011000100110101011010101100
01000011000001110000001101100100
01000010011001011110111011011010
01000010100010001010101000000010
01000011001000110100101101001010
01000011011100100001110100100010
01000011100011010111001010001011
01000011100001011111101010000010
01000011100000100101001001101110
01000011100100011111011101000001
01000011100001100101000011001000
01000011011010000001001101001000
01000011100000101010000111100001
01000011011011011111001101101110
01000011010000101001001110100001
01000011011100001101100101011010
01000011100100001001011011100111
01000011100011110101111011010101
01000011100000100100100111110000
01000011011111001000100111010110
01000011100000100100100000110010
01000011100010100110000011101001
01000011100110111000110001010100
01000011101011001001101110100100
01000011101011011011011101010010
01000011011101010011001110010000
01000010111011110111001111110110
01000011000011100000110110101000
01000011001110000001000001111000
01000011001110110001010011001011
01000011101101001111110000010111
00000000000000000000000000000000
01000010110001110011010011101110
01000010101011000111011010110100
01000010001111010001110111100001
01000010100101111010000010110011
01000011000010110100011010111000
01000011001011111011110001011000
01000011001111100010100101000010
01000011001101111100111101000010
01000011001100011101101011111011
01000011001111101101001110111110
01000011001110001010001101010000
01000011001001000110010000001001
01000011001001111110001000011011
01000011000111000001111100010101
01000011000011101111010010100110
01000011001010111011100111100010
01000011010000001111101110011010
01000011001110010100000011101100
01000011001010110110110110001100
01000011001010110100110010010100
01000011001100101100100101000101
01000011001111000010011111110100
01000011010011010100010011001010
01000011010111000100101111001000
01000011010100101000001001101000
01000011000101000100100111101000
01000010110001001100000111111010
01000010111010101101001011000110
01000011000000111010100101100111
01000011000001001001111100110100
01000011010101111011000110110110
