01000010100001100111000100011011
01000010001111001111000010101110
01000010010111000101101001100100
01000010010001001011101101101010
01000001110000111110011101111100
01000001010101100101110100011000
01000001011101011101101000111100
01000001100111111011100100101100
01000001001100000111111001111000
00000000000000000000000000000000
00000000000000000000000000000000
01000010010111101000001101101010
01000011000000111000111100001110
01000011001010010010111100010000
01000011001010110110010011010010
01000010110111001011100001001000
01000010001001110010010100010110
01000001001110100101111111111000
01000000111000101111001011110000
01000001001100011000011000111110
01000001011111101111100110100000
01000001101010010010110101100000
01000001101111010011000110111110
01000001100100001100111011000010
01000001001011101001101010000100
01000001000011100111000101111110
01000001000110100100001001011110
01000001001001100000011000100100
01000001001000011111011000011100
01000001000100000011110000011100
01000001000001100011111000111010
00000000000000000000000000000000
01000011000101101010010110011000
01000010111111001000111010101100
01000011000000100100011001101011
01000010111011111111111001111100
01000010101001101001110010100001
01000010010110101100110011100000
01000010011101011001111001111010
01000010100111100000101011111101
01000010100000110010010001110001
01000010000111100011001001001110
01000010000100100001001111000100
01000011000011100110100000110011
01000011100000110000011111011111
01000011100110101001101101011010
01000011100110101110101000011100
01000011010011001011100001000000
01000010101001001100001110101110
01000010000001101011110110101100
01000010000101100110000101011111
01000010010100001111110111010000
01000010011110110000001101111100
01000010100100101001110010000000
01000010100101110010100010010000
01000010100001100110010100111100
01000010011010101100111110111000
01000010010100011101101100010110
01000010010000000100110100010111
01000010010001011101101101001010
01000010010001111011110000110100
01000010001111101101011101111011
01000010001100010110011111101111
00000000000000000000000000000000
01000011000100100111111000011011
01000011000010011111010100100110
01000011000011100100001000101110
01000010111101100100111101011010
01000010100111101110110111001010
01000010001101001010001001101100
01000010001110110000100010000010
01000010011010000000100010011110
01000010001011001000011101011100
01000001111111011010101010100000
01000010010000110100010100101101
01000011001101011111010001100001
01000011101100100010101111000100
01000011110110110100010100011110
01000011110101101001001001011100
01000011100010001100100101010000
01000010110010101000100101100100
01000001110110100111011110100100
01000001111011010100101000011000
01000010001100100110001101101001
01000010001010101110011000110100
01000010010110010011111100011010
01000010100001101000011100111010
01000010100001111001000001110101
01000010100001000010110001011110
01000010100001001110001000001000
01000010011110000111100001111110
01000010011010100111011111101100
01000010011001100010111001010100
01000010010110110001100010000100
01000010010011101100100110001100
00000000000000000000000000000000
01000011000000101110101000101010
01000011000100100000111111110000
01000011000101100110110100000010
01000010111110011000010011001000
01000010101010100010111000011000
01000010010001111101010111000110
01000010001100000111010101001110
01000010001110110001110111000110
01000010001010101111010011101111
01000010001100100011100010111010
01000010100000010011010101100011
01000011001111010000110011101111
01000011110001000011110010101010
01000011111110010001100001001010
01000011111001010101101011110000
01000011100011100011100010110101
01000010111001100110111101010000
01000010000001000100000000101000
01000001111010101100000111001111
01000010010001001000010100100011
01000010001011010001010100111011
01000010001101100010101000110100
01000010010111101111101000001001
01000010010110000111001110000010
01000010010111111111000011010100
01000010100010000100111101100000
01000010100110100001010101011010
01000010100011000110101000100011
01000010100001011010101101110100
01000010011111001010100111100010
01000010011100100101111011101000
01000000010100011100111010000000
01000010110100100000110101000110
01000011000100000111111011000101
01000011000100000101011011100010
01000010110111000111000010110100
01000010100101010100010101111000
01000010010000000100001010001110
01000010001000101110101100101010
01000010000101001000101111010110
01000010001100100101110000010010
01000010001110100101000111101110
01000010011010100010001011111100
01000011001010101000101010100010
01000011110000110000001011000010
01000011111111011010001010000010
01000011110100111110101110101010
01000011011101000000010000110100
01000010110100100011001110010000
01000010000111001100101000001010
01000001111000010101001111101010
01000010001010110010011010100011
01000010001001110101110000101001
01000010001110101110001100000000
01000010011011011011011111001110
01000010010000011111010100001000
01000010001001111100000011111110
01000010010110101110011011111110
01000010100110001111101100111100
01000010101000011011000000110010
01000010100101011011100101111010
01000010100000111000101001010000
01000010011101010111110111111000
01000000101110111100111100011000
01000010101100100101111100011010
01000011000010010001101111101010
01000010111100001110000010011010
01000010100111010001000001010010
01000010010101001101000101100110
01000010001110110100111000100010
01000010001000101100011010100110
01000010001010011000110100001011
01000010011100111001001101100000
01000010011011101011010100001010
01000010011001011001010011000111
01000011001000100000111011010001
01000011110000010111000110101011
01000011111100001010001010110000
01000011101100000011111100111000
01000011001110000001100010110100
01000010101010110000100011000110
01000010010011010011010001110100
01000010000010010001111001101100
01000010000001100001011101011011
01000010000010011110111011100010
01000010000101100001001001011010
01000010010100110100111001101010
01000010010001101100010111010100
01000010001010011011011111000000
01000010010000011111100110000100
01000010100001010111100111111100
01000010101010000110110011011001
01000010101011001000000110110000
01000010100101001111111101011000
01000010011111111101011011110110
01000000101111101001100010101000
01000010101110111100100110000000
01000010111111111011101101010010
01000010101111110110010110001011
01000010010110100100101001011110
01000010000100011111011001110011
01000010000100111111101111100101
01000010000100101011010010110110
01000010010000111011010101111010
01000010100110101111000110101111
01000010100110101101011110101000
01000010011101011110111000110110
01000011001100101110110101010000
01000011110010101010010001100010
01000011111000000110101110101000
01000011100010111101000101000001
01000010111110001001001110010100
01000010100010011111001100011110
01000010100001100001011010111011
01000010001111110111100110101010
01000001111111010010101101000110
01000001111011100011010100010110
01000010000000111100011010101010
01000010001101001111000001001101
01000010010000110100111000111011
01000010001100101110111100101010
01000010001010001000110101001100
01000010010000011000111111110110
01000010100010001011000101011100
01000010101001010111110110001111
01000010100111111110101011111000
01000010100011100110011011101010
01000001000011100111001001101000
01000010101101011110101101100110
01000010110100100011000100001101
01000010100101000100110000001000
01000010001100011011010111001010
01000001111001100101001101011000
01000001111000110000110110011000
01000010000110101001011100000100
01000010100010010011110010110000
01000010110111011110111000001111
01000010111001110010000110010010
01000010110000100110101011001100
01000011011001101100001001011110
01000011110110011100111011110000
01000011110101000110100111110110
01000011011001001000001110111010
01000010110100101010100000000000
01000010101110010010111100100010
01000010110000010001100111111000
01000010100100101101000101111000
01000010000110011110001001000010
01000001110000010110111100110010
01000001110000101000111111010101
01000001111101100110100001010001
01000010001000110111110110011000
01000010001100011011101010100100
01000010001001010111011000100101
01000010000101111101101010011011
01000010001100000000001011010000
01000010011101000000001101101010
01000010101000111011001100111000
01000010101100100010111001101001
01000001110110011111000101110110
01000010101000011011010010011010
01000010100110100010101101010101
01000010010111001010011110001010
01000010001100110000010001101110
01000010000000110010011001010000
01000001111011011000000110000010
01000010000100000011111100101001
01000010100101100110011100000001
01000010111100100000101110011100
01000010111011101111010101001100
01000011000001001011111010100101
01000011100100001010011001001010
01000011111001101001111101011100
01000011110100010110000000100010
01000011010101000000100110101110
01000010111011101111011000101000
01000011000000011101011010111111
01000011000000000110111001111010
01000010110000110001101001000010
01000010001110100000100101111010
01000001101100000111100110100010
01000001101011000111111001000110
01000001110101100100011000000100
01000010000001111011101101011011
01000010001011110010101100100010
01000010001111000101011100010010
01000010001010001101101100010010
01000001111111001010111110110000
01000010000010111110111000000101
01000010100000001010110010001001
01000010101110001100011100000101
01000010001010001001110011110110
01000010100001110110000101011010
01000010011100110101100111110110
01000010001111101101101101010110
01000010001100001001010000010010
01000001111111011100011101101010
01000001111010101101001111100000
01000010000001100010011101001010
01000010100010010011000011000110
01000010111000100100010110110101
01000011000000110010100101100011
01000011010011110110000001000100
01000011101100010001101100111001
01000011111011001111010111110000
01000011110110101101011010110110
01000011011011111111101101010000
01000011000000111011111110010110
01000011000010110100100101010110
01000011000010001110110110001000
01000010101101011111010110110010
01000010001011100111001001010000
01000001110010100110100100010010
01000001110101011100100001001000
01000010000110001111010110011000
01000010000110100110100101110001
01000010001010000111111101001010
01000010001110011101100100011111
01000010001100101011101000010100
01000001110110110001100010110110
01000001100100110110111001111000
01000010001000000110010110110110
01000010101001111001110100011000
01000010001100010001100111111010
01000010011101110011011000100010
01000010010011100101110001100100
01000010001010001010011100000100
01000010001010111101100101001000
01000001111011101001011010101100
01000001111011010101011111100000
01000010000001000011111110010011
01000010010001001011011101101110
01000010110001100110001001001110
01000011001011010111101101001110
01000011100011000000111000111101
01000011110000111100011011010100
01000011111010101110010011000010
01000011111001100010010001011010
01000011101000000100000010000010
01000011001101110100010110110000
01000011000110001110111111100101
01000011000000000100000011010010
01000010100111011001100010011010
01000010001001111001101011011000
01000001111111101111111101110110
01000010000001100100111111100011
01000010010001101100100010101110
01000010010011100010001000110100
01000010010000100100101011100110
01000010001110101010011100101000
01000010001111000010001111011111
01000010000100111001001110001100
01000001110110101101101101011000
01000010001110000110000011100010
01000010110001000000111101101111
01000010010010000100010000101100
01000010011101011100001001010010
01000010001110100100001111110000
01000010001011110001101000010110
01000010001100001110010000011110
01000001111001111010000001011100
01000001111110011010110101000010
01000010000101011111011000010100
01000010000010100010001110100111
01000010101111000100110010111000
01000011010110000101111010101111
01000011101001110101001101101100
01000011110100000101100111001110
01000011111001010010111100010100
01000011111010010010010100111000
01000011110001011100101111111100
01000011011100011101100011011100
01000011000010110000010001011010
01000010101011100111111111010101
01000010010000100111000000010110
01000001111010111100011000010100
01000010000010010001111100001010
01000010000111111010100101010101
01000010011010000101010111001000
01000010100000111010011100001000
01000010010111001011101101101110
01000010001011110101001100010110
01000010001001110110011100111011
01000010001010001001001111011010
01000010000101010111000001110111
01000010001110010000010011001101
01000010110001000011111111001001
01000010010000000010011010001100
01000010011101110001110110110100
01000010010000101011100010111010
01000010001110010001110110000000
01000010001110111000101101110110
01000010000001110011101010010110
01000010000011010110011100010010
01000010001000011000010011100110
01000010000111100101010111101010
01000011000000101001111111001111
01000011100010101111100100010110
01000011110000110110101000101110
01000011110110101111101101110010
01000011111000101100101011000000
01000011111001111010011001000000
01000011110111110001101000101000
01000011101001101011101011010000
01000011001100110001001111001010
01000010100111101000011000000100
01000001111110011110001101000100
01000001110000101001010000010000
01000010000101111100001101000001
01000010010100101101011100000010
01000010100001100000101011100000
01000010100011000111011010011010
01000010010111111010110010110010
01000010001001000111111010101110
01000010000110100011011010100011
01000010001111100111111100010000
01000010010100000111001000110100
01000010010010101111001111001000
01000010110001001101100100100001
01000010010101001100100110101010
01000010010101000100000100010010
01000010001110101010111010100010
01000010001111110001001000010100
01000010011001001001101101101100
01000010010100001011001110010100
01000010001100001001111100010010
01000010001101010000101000110010
01000010010111100110101000101100
01000011001010101011001000110010
01000011100111011010001011110001
01000011110010111100111010000001
01000011110110110100000001111100
01000011111000100111100000011110
01000011111001110101011100101100
01000011111001010111010111000110
01000011110001011000100000110110
01000011011001001101100110101010
01000010101011110100010100111000
01000001111000110110000101001000
01000001110010000011000110000110
01000010001000100011100101001110
01000010011011010110010000110010
01000010100001011111110100001010
01000010100000100001111011010100
01000010010001100110001110101000
01000010001000001001011000111110
01000010010000001011000111111010
01000010011010000111101001101110
01000010011110001101110100000110
01000010010010000001001100001000
01000010100110000101000100111010
01000010001100001001111000111010
01000010010110101011011010011110
01000010010110110101000000101010
01000010010110001111010101000110
01000010011011001101101001011000
01000010011100010011100000000110
01000010010100011111000011011000
01000010010001000000111010010100
01000010100011001011010100110110
01000011010011101000000111001010
01000011100110101011001001010110
01000011101010011011100000000111
01000011101011100000001110010110
01000011101101110101101100101010
01000011110011110100111001010100
01000011111000001111011010100010
01000011110011010011010000101100
01000011011101110101010001101100
01000010101110010010000010111000
01000001110111111101111010011100
01000001110100001001101001101100
01000010001010001110001011111001
01000010011001010011100111001110
01000010011111010100111101111010
01000010011010100000001111000000
01000010001011010011101000000100
01000010001001110001110011111001
01000010010100000100011010000010
01000010011100001111000101000010
01000010011111001001111101011110
01000010001100011011100110010100
01000010001110010010000101101100
01000001110101110100111111010100
01000010010100000010110011010111
01000010010110001011111010000100
01000010011001100000110111011110
01000010011010111010011010001000
01000010100000101001111001000000
01000010100100001000101001110011
01000010100001001110100001101000
01000010110100101010111011010010
01000011011000011011100101101111
01000011011111011100000111111000
01000011011110101001010101110110
01000011100000111000010100100110
01000011100001101010001000001001
01000011101000100111110011110111
01000011110011000100001010101100
01000011110010000110010010011010
01000011011111000110011010110100
01000010110000001011000010111100
01000010000001001011100110100110
01000010000101111100101111101010
01000010011011100011010100111100
01000010100001001000001000001000
01000010011111100101101010101100
01000010010111101110100001110000
01000010010011001101010111001010
01000010010100000011110001001100
01000010010111111011101010111010
01000010011100001111100111011010
01000010011100100000000110101000
01000010001100110110000110111110
01000010000001111011111101100001
01000001011110010111100010000110
01000010011011011000000001001110
01000010011110111010001011001000
01000010100010111111100110011011
01000010100001111100101101000001
01000010100000110001001101001010
01000010100110111010100111111101
01000010101000101110111010110001
01000011000100010111111000100011
01000011011101011000001010010010
01000011010111100100011010010010
01000011001101000001000001010000
01000011001010101101111001110000
01000011001010011011101011100000
01000011011000000000001101000100
01000011101100010000000001011000
01000011101111100010100011011001
01000011011101011010101111110110
01000010111001010111111011100000
01000010110101110010101001010000
01000010110011111100001010110010
01000010101110011000110100100000
01000010100101001101000100100110
01000010100000000100110000100111
01000010100001000101000001100010
01000010100010010011100110010111
01000010100000110000000010100100
01000010100001001000111100100000
01000010011101111010001011100000
01000010011000001111011101011000
01000010001000101001010001101001
01000001110111000001000011101100
01000001000110000010010011111110
01000010100010000011110011101101
01000010100001000110101100000011
01000010100010101001001100010001
01000010011111110100110110001000
01000010011110001100101011010100
01000010100110110111101000011100
01000010101110000000010010010011
01000011001101011000110110100100
01000011100100110111100001101001
01000011011011101111001011100100
01000011000010101111010010010010
01000010110101001110101101010100
01000010111000000010001001011010
01000011001110110111010000011000
01000011101001111100011000111010
01000011101111110011011101000011
01000011100001010011101010011101
01000011001000011001010111101010
01000011010001001001110101010100
01000011000111000101110101110110
01000010110101001101111010101100
01000010100101000101000101110011
01000010100100011111001010010011
01000010101010110111101111011100
01000010101100001010100111001011
01000010101000000111110010101000
01000010100100000000000101011111
01000010011100010100011110100000
01000010010111100100001111101100
01000010001100111100001101011110
01000010000001101101110000001011
01000001010000010001011100101010
01000010101110100000101111010000
01000010100100101111001100000101
01000010100001000011110000000011
01000010011010111100110010001010
01000010011111101010110101110000
01000010100101110111100011111000
01000010101111001111100110110101
01000011010011001001010000111101
01000011101010001100010001111000
01000011100100011011000111001011
01000011001101101000011001000000
01000011000011011101000100101100
01000011001000111101011101011111
01000011100000011101010001101000
01000011101101101010000010100000
01000011110001110101000101100011
01000011100110110010111001101110
01000011011010010110001010111100
01000011100100100110011010001011
01000011011001010110101000110110
01000011000000011110010011111000
01000010101000001100000000010000
01000010101000110101100101011101
01000010110001111100011111101100
01000010101111100010111001110100
01000010101000100101100111011100
01000010100100010100010100011110
01000010011111101000101000001000
01000010011001110011000001100010
01000010010001001011110110000010
01000010001111010111100010101100
01000001100100110111001100101010
01000011000001110011111010000010
01000010110100001011101011100110
01000010101000010001010110011010
01000010011011110110000101001010
01000010011100111001111011010100
01000010100011101100010111001100
01000010101110110110001010110101
01000011010100011111010101010101
01000011101100000010101010001110
01000011101010000011111001001110
01000011011010101110010101011100
01000011001100101101111110001100
01000011010010010111111000001100
01000011100110110110000100001111
01000011110011001111001001111001
01000011110100100101100010000100
01000011101011001010100100000110
01000011100110101111100010100000
01000011101111010110001001111000
01000011100100100001010001100010
01000011000010000111011011011000
01000010100001000110011001001000
01000010011111110110100110000110
01000010101010100011001001000100
01000010100111111010101111111100
01000010100011011101111101111111
01000010100001010111110111111100
01000010011111000101110111001110
01000010011011010010101110100100
01000010010101001110011111101010
01000010011110110110001111110010
01000001110011110010011111010010
01000011010011111111001111011111
01000011001110010100010101100010
01000011000001011100001010101100
01000010100111010110000101111000
01000010011100111001000111011000
01000010100010000110010010111011
01000010101100010101100111010101
01000011001100001101111100000110
01000011100110000010101111111010
01000011101011101100110010101111
01000011100111100110000100100110
01000011100011101110110010010100
01000011100101011111111110001100
01000011101111000001110100111001
01000011110110110110110000100111
01000011110110001000110000011100
01000011110000110101000101100000
01000011101111010001100011101010
01000011110010010100011011101110
01000011100101100110010100111010
01000011000001000000010110001110
01000010011100101111111001100000
01000010010101010010101100110011
01000010100010010011001000101110
01000010011111111010010001000000
01000010011001111110011101001000
01000010011100011111100011111000
01000010011101001000101011110110
01000010011010001101100001100110
01000010010110101001001100101000
01000010101010101111110110110100
01000010001010101110010011110010
01000011100010011101000110110000
01000011100001101000111100110111
01000011010100010001010100011110
01000011000000001100111000100000
01000010100111110001110001010100
01000010011011000000110100001100
01000010100010001011000011011110
01000011000000001111110010001010
01000011011100100010000101001110
01000011101001110110111000100111
01000011101101110111111101000000
01000011101101101011000111110010
01000011101110100101101011100010
01000011110011010100101101101000
01000011110111110011111100101010
01000011110111010011111010101000
01000011110100010001010110001010
01000011110010010001001110011000
01000011110010000010110000100100
01000011100110010001011110001110
01000011000011101010011101000100
01000010011111000001000000101100
01000010010001100110011010000000
01000010011111000100011101110010
01000010011110110101111101110010
01000010011100000010001101011010
01000010100000000010100000111111
01000010011100010000000010100000
01000010010101000001000000100110
01000010010111111110101001011010
01000010110111110011001111110001
01000010011011100000000101110100
01000011101000000011111011111111
01000011101001010010011000001111
01000011100011101001010000001100
01000011010000110101110101011100
01000010111001010100101100000110
01000010100000111100000100011001
01000010011101110101101000010000
01000010110110010010101100111100
01000011010100110001000100101110
01000011101000110000111001000000
01000011110000100100110010000011
01000011110010001110110111111000
01000011110011111110100101001100
01000011110110010100110110011010
01000011110110100101011010111100
01000011110100100001101011010100
01000011110011011011100011000000
01000011110010101110010101000010
01000011110000110101011001101100
01000011100011101110100100000001
01000011000011011010001111110110
01000010100010100011010101000000
01000010010100010010000100010100
01000010011101000100000010100000
01000010100101010011001111000001
01000010101000111100101011000111
01000010101100001000000111101111
01000010100101000010011011111001
01000010011000010010101111100110
01000010100000000100001100110100
01000011000000111100001101000000
01000010100100001001011110001000
01000011101001100101111001111001
01000011101010110011010111011110
01000011100110100111000101101000
01000011011011101110000101011100
01000011000111111000000100001110
01000010110001110000101101101010
01000010101110001100011010011100
01000011000011000000010110101101
01000011010110011100110011101001
01000011100110001110111010010000
01000011101100101101110101000000
01000011101110011011110001110011
01000011110010001010111101111100
01000011110110010100100000100010
01000011110110110100010111101100
01000011110101100101011100101000
01000011110101011110100100001010
01000011110011111110111000010010
01000011101111010010101001100100
01000011100000010101101100011001
01000011000001000000111001101100
01000010100101101001001001010110
01000010100110011011110110010010
01000010110101000111010101111110
01000011000001101010110001010011
01000011000010110011110101000000
01000011000000010100110111011010
01000010101011100010010110101000
01000010010110000000011011001000
01000010100100100110101111000001
01000011000111100011010000110010
01000010101101011101110101100100
01000011100111011011010001110101
01000011101000000010101110000011
01000011100101001011000111111110
01000011100001100010100110011011
01000011010111001101011011000100
01000011001011100110101101001010
01000011001011001110100010000000
01000011010111011100000010010110
01000011100011001111110100100110
01000011100111110101000111101111
01000011100101111000010101001100
01000011100100001010101110111011
01000011101100000100011110001000
01000011110011101001111000111101
01000011110101110100001111111110
01000011110101111000000000111000
01000011110101011101011100110110
01000011110100101010011101111100
01000011110000110100111011111100
01000011100001111000110010111110
01000011000111111100110101001100
01000011000000000110000111010111
01000011001010011001010100011010
01000011010001110001110011110000
01000011010100101001000110011110
01000011010010101001011001000000
01000011001000010101110011101010
01000010101101111011000000001110
01000010010010001111010101101010
01000010101011111001111001010001
01000011001101001110110101011101
01000010110001111000000110001000
01000011100100001001110001111101
01000011100100101001111001110001
01000011100011100101110111111101
01000011100011001110011000010101
01000011100000111001111010110010
01000011011111011010101100000110
01000011100001111001001101011000
01000011100111010100001010010100
01000011101011011111111011010100
01000011101011011001000001011000
01000011100011110011001101110001
01000011011101011000000011101100
01000011100111101010110000110001
01000011110000000000011110000001
01000011110011000000001101000110
01000011110101001000101011110100
01000011110110111110010000000100
01000011111000001101110100011010
01000011110101101111100101110010
01000011101010001110011001000010
01000011011101011000010100011000
01000011011001101111101010000110
01000011100011101101101010101000
01000011100110001010000110010001
01000011100101000101011101111111
01000011100010000100101001011010
01000011001111111100100011110110
01000010110000100101011001100100
01000010011011101111111001100100
01000010111011001100000010011010
01000011010100001011101011101101
01000010110111111101110101010000
01000011100000101100001100001010
01000011100001011011000100101011
01000011011111111101100011110110
01000011100001000001101110001110
01000011100011100010100010100000
01000011101000001100001001100100
01000011101100101000001110101111
01000011110000100100001001101100
01000011110010001110111011000100
01000011110010011111010100111010
01000011101010000101000001011000
01000011100001110101001001101110
01000011100111111111110111011110
01000011110000011001111101100011
01000011110100100010000110001010
01000011111000011010000110110100
01000011111010111100111011001100
01000011111011100000100010010100
01000011111010001010010000010110
01000011110011101000100011110010
01000011101100100110001110001000
01000011101100101010011001110000
01000011110010010011110101101000
01000011110011010011111101011010
01000011101110111000111110001100
01000011101000111101100110111000
01000011010100010100110011011110
01000010101110011101101100001000
01000010101011010011100100000100
01000011001000011101001011000011
01000011011010110110110010101111
01000010111100011101001111110000
01000011011100101011011100000100
01000011011110100011110011000000
01000011011011110011001110000000
01000011011111001110001010101110
01000011100101100111111110001111
01000011101101000010111011000101
01000011110010010010111001100000
01000011110101101110111110101010
01000011110110101010000000000010
01000011110110001010011111110100
01000011101111101110110111000000
01000011101000111100100100101100
01000011101100001001111010100110
01000011110001111000000010110111
01000011110100111101110010000010
01000011111000011000011000011100
01000011111011111100100100010010
01000011111101110100011100001010
01000011111101110001111101001010
01000011111011000111111100111110
01000011111000000001110000111100
01000011111000101000001101010110
01000011111011111001101110011100
01000011111010101000001111010100
01000011110100010111101100000010
01000011101100000001001010011110
01000011010101101111000111100000
01000010111010100100111011011000
01000011000010111100101011110001
01000011010100111000001111010010
01000011100001000100000001111111
01000011000000010100000000001110
01000011011001001011011111111110
01000011011011110001100100001010
01000011011000001001010111111000
01000011011011101101110101011100
01000011100110110111010000100011
01000011110000010111100101010101
01000011110101010111101111010000
01000011110111101101111111000100
01000011111000111110101011110010
01000011111000010101001110110010
01000011110011101100001001110000
01000011110000000111111100100100
01000011110001010000101110101010
01000011110011010000000100101010
01000011110110000101101111010110
01000011111010001101000010110000
01000011111110000100100000101010
01000011111111010110100101111100
01000011111110110111111101000010
01000011111110000110111000010100
01000011111101101100110101011010
01000011111110100010100101010110
01000011111111011110101100000010
01000011111100101011101111000110
01000011110110100001101100011010
01000011101100000000001010011010
01000011011001011101001001010000
01000011001011111101101100010110
01000011010011011001110111010110
01000011100000010011110011011011
01000011100100000000100101011100
01000011000001100011000100111010
01000011011000110010001000010010
01000011011001101000011000010110
01000011011000000011101001001110
01000011100000000101001110010100
01000011101010001100100100110000
01000011110100011011001100011011
01000011111000011000101000011000
01000011111000110000100000010100
01000011111001111001000001010010
01000011111001000000010110010110
01000011110101011000011111010110
01000011110100011010011001110110
01000011110100100100000101100100
01000011110011100001101101111000
01000011110101111001110101010100
01000011111010100101010100100110
01000011111101111110000010000100
01000011111110010010010100011000
01000011111101010011000111000100
01000011111100111110001101110010
01000011111101101101001100011000
01000011111111001100000011110000
01000011111111111111100100011100
01000011111101010001101011010110
01000011110110111000001111000010
01000011101011011001111111011110
01000011100000001011000100000000
01000011011010101111001010101010
01000011100001001000111111100001
01000011100101001001011011100000
01000011100110110111110111010001
01000011000011110010110011001100
01000011011000001111101000111010
01000011011000110101010101101010
01000011011101111101111111101100
01000011100110111100001010000100
01000011110000101111110000001011
01000011111000101010011010001010
01000011111011001011011000001100
01000011111010001010100101011010
01000011111010100000000111101110
01000011111010001000001010110000
01000011110110001101101100101010
01000011110100101001100111001110
01000011110101100110011011000000
01000011110011111011011000100100
01000011110101010001101110011100
01000011111001101101000110110010
01000011111100011111011001111000
01000011111100000101101001011110
01000011111011001110010110010010
01000011111011101010100001100110
01000011111101001110001000110110
01000011111111010101100011010010
01000100000000010010001111100110
01000011111110001010110100100110
01000011110111001110011100011000
01000011101011111100000011111000
01000011100100011101011001111110
01000011100100010101000010110110
01000011100111011101001010011111
01000011101000111110001010011110
01000011101001001101111111111011
01000011000101011000100111110100
01000011000001110010111000101100
01000010111101000101110100011110
01000011000000011011110011110001
01000011001010000011100010110001
01000011010101101110000011001110
01000011011110110011001011010100
01000011100001000001001110111010
01000011100000000010111010001100
01000011011111010110010000100110
01000011011111010101101010111010
01000011011011100111011010000010
01000011011001110100001101110100
01000011011010110000100001110000
01000011011000100100110001000110
01000011011001000011111011100110
01000011011110000001101010011010
01000011100000111110010010001001
01000011100000110011010111010111
01000011100000000110001000001110
01000011100000001101011000010010
01000011100000111111110000100110
01000011100010001101111010110101
01000011100011000100000010000001
01000011100001110011001110010001
01000011011100000001000010001110
01000011010000100011100100110110
01000011001010010000000010001110
01000011001010111010011110010010
01000011001101001000110010101010
01000011001101101011011101111101
01000011001101101011011101001110
01000010101010100001111110011110
