122.0008544921875
132.08419799804688
137.93319702148438
142.12664794921875
145.04901123046875
149.26315307617188
152.6583251953125
154.2537841796875
154.49478149414062
152.13925170898438
152.68060302734375
154.01266479492188
154.5255126953125
154.10400390625
151.45172119140625
150.10379028320312
150.62738037109375
150.59494018554688
148.4658203125
144.64694213867188
141.64212036132812
138.47042846679688
135.70016479492188
134.352783203125
132.64947509765625
129.60400390625
126.47036743164062
123.20909118652344
120.64462280273438
118.9273681640625
116.96084594726562
46.71295166015625
199.72021484375
222.36465454101562
232.22549438476562
241.16387939453125
248.02786254882812
255.63168334960938
262.09259033203125
266.1248779296875
267.6397399902344
262.76873779296875
256.25750732421875
259.8452453613281
265.15673828125
266.9010925292969
262.3944091796875
255.4888916015625
253.42050170898438
252.52490234375
249.05313110351562
243.61715698242188
238.7320556640625
233.0418701171875
226.60171508789062
223.59078979492188
219.92092895507812
215.70046997070312
210.79812622070312
205.3851318359375
200.38925170898438
194.67486572265625
189.59173583984375
90.41456604003906
207.18470764160156
225.52276611328125
236.57766723632812
250.46170043945312
262.2678527832031
271.83807373046875
278.1630554199219
284.7769470214844
286.71551513671875
270.8527526855469
250.83822631835938
253.40762329101562
271.8777770996094
282.2685241699219
279.10791015625
270.9845275878906
267.0482482910156
266.3962097167969
264.3145446777344
261.0473327636719
256.683837890625
248.8890380859375
241.76211547851562
237.898681640625
234.7615966796875
231.40472412109375
226.99972534179688
221.2581787109375
216.41964721679688
210.3935546875
203.59579467773438
95.91719055175781
222.5234375
235.37286376953125
246.82394409179688
261.5284423828125
276.4862976074219
288.2005615234375
294.4309387207031
303.25518798828125
302.55413818359375
278.9842224121094
258.182373046875
252.21139526367188
275.6436767578125
293.5242004394531
293.61712646484375
286.711181640625
281.6916198730469
280.4852294921875
279.1963195800781
276.4000244140625
271.4733581542969
263.2145080566406
255.38223266601562
251.12255859375
248.700439453125
246.61376953125
242.22836303710938
236.28030395507812
231.48306274414062
225.61578369140625
217.59341430664062
100.7186279296875
250.14962768554688
256.7499084472656
265.1480712890625
277.8424377441406
293.01495361328125
304.4547119140625
311.09814453125
321.46221923828125
311.6987609863281
282.4853820800781
269.3942565917969
248.4658203125
272.95166015625
306.6345520019531
313.7383117675781
307.4934387207031
300.95855712890625
297.3916320800781
295.4240417480469
293.5849609375
288.8055725097656
280.5008850097656
273.4780578613281
269.3679504394531
267.5335693359375
264.64276123046875
260.3757019042969
253.32821655273438
247.10464477539062
240.68798828125
232.27227783203125
106.48811340332031
285.7286682128906
286.76080322265625
294.7781066894531
303.7970886230469
314.6595153808594
324.62762451171875
330.7461242675781
339.8686218261719
325.5208435058594
277.9367370605469
259.1218566894531
231.81439208984375
263.24896240234375
319.4019775390625
337.14532470703125
332.3526611328125
323.9300537109375
318.2847900390625
313.4130859375
308.0035095214844
303.1376953125
297.0185241699219
292.5835876464844
289.19561767578125
285.6078186035156
281.9328308105469
275.2226867675781
265.970458984375
258.36773681640625
252.52127075195312
245.20834350585938
111.96347045898438
316.6771545410156
318.8925476074219
326.0820617675781
333.45648193359375
340.3248291015625
346.8272705078125
353.7284240722656
361.0300598144531
348.9386901855469
273.91943359375
233.7369384765625
217.2408447265625
256.2335205078125
328.6200256347656
357.10205078125
355.28485107421875
347.4803771972656
340.3441467285156
332.3831481933594
321.3503723144531
313.7742919921875
309.2629699707031
306.9068603515625
302.68890380859375
298.9627380371094
294.8472900390625
287.7435607910156
277.1257019042969
269.5860595703125
263.0607604980469
257.0335388183594
117.30050659179688
332.2859191894531
342.0047302246094
350.5415344238281
357.15203857421875
362.44140625
367.2189025878906
373.2055358886719
381.8097229003906
375.27423095703125
282.21746826171875
218.28622436523438
231.34622192382812
275.6446228027344
347.7958068847656
377.30810546875
377.26153564453125
368.2049560546875
360.8969421386719
354.5221862792969
345.1338195800781
333.11187744140625
321.9071044921875
318.90679931640625
315.7113952636719
311.00115966796875
307.5786437988281
302.2494201660156
291.7547302246094
282.2115173339844
274.7933654785156
268.59747314453125
121.49917602539062
339.29547119140625
356.7158508300781
365.69183349609375
373.3652648925781
380.6487121582031
386.693359375
393.7899169921875
396.62908935546875
366.8726806640625
250.31002807617188
155.86123657226562
185.02249145507812
258.0415954589844
351.5908203125
394.6125793457031
397.8935546875
390.3546142578125
385.8369140625
382.0340576171875
374.041015625
360.3780212402344
347.0637512207031
339.87884521484375
333.6918029785156
326.4743347167969
321.6947937011719
316.01019287109375
305.8766784667969
295.7671203613281
287.88385009765625
281.0198974609375
125.562744140625
344.9785461425781
364.26629638671875
375.2159423828125
385.88250732421875
396.21240234375
406.0714111328125
394.69427490234375
347.2584228515625
276.98681640625
183.59866333007812
119.76228332519531
157.65435791015625
253.73391723632812
364.00250244140625
414.62725830078125
419.2813720703125
407.06585693359375
400.34759521484375
397.3935546875
393.68408203125
384.5955810546875
372.0751647949219
360.1172790527344
352.184814453125
343.4382629394531
336.1156921386719
326.7986145019531
316.8199157714844
307.1285400390625
298.6916809082031
292.21099853515625
128.2791748046875
360.9624328613281
378.9596252441406
390.0545654296875
400.52191162109375
413.55316162109375
416.68780517578125
350.3661193847656
255.75149536132812
182.15443420410156
115.97840881347656
68.91116333007812
88.46348571777344
197.62155151367188
329.4941101074219
380.0230712890625
401.488525390625
414.64617919921875
417.50494384765625
415.58642578125
411.48333740234375
404.156494140625
395.2369384765625
384.19281005859375
375.0481262207031
365.0318603515625
353.7899169921875
340.31719970703125
327.77764892578125
317.9954833984375
309.64215087890625
302.3238830566406
131.05923461914062
381.4461364746094
399.877685546875
412.55609130859375
422.625244140625
434.08978271484375
420.10748291015625
296.191162109375
168.35525512695312
93.7015380859375
55.48883056640625
40.58424377441406
49.0250244140625
120.73175048828125
228.310791015625
271.4392395019531
323.76849365234375
393.6021728515625
425.27081298828125
432.5509033203125
426.452392578125
415.541015625
405.591552734375
395.09814453125
385.44268798828125
376.32318115234375
365.22705078125
351.78460693359375
339.09954833984375
329.68408203125
322.281494140625
315.0168762207031
134.18505859375
389.2338562011719
413.1585693359375
429.32122802734375
440.5262451171875
451.68243408203125
433.68328857421875
274.90289306640625
113.40432739257812
44.91419219970703
35.81205749511719
39.42364501953125
39.70097351074219
71.3810806274414
132.56533813476562
159.8753662109375
212.14710998535156
317.3836364746094
402.58026123046875
439.50982666015625
442.02001953125
431.56878662109375
418.8548583984375
407.97015380859375
398.45751953125
386.95648193359375
375.7826232910156
364.85638427734375
351.2115478515625
339.8679504394531
334.09869384765625
328.8414306640625
138.5472412109375
377.4286804199219
404.19329833984375
425.5777587890625
440.84027099609375
455.63653564453125
446.2938232421875
300.36962890625
120.94744873046875
46.53721618652344
35.09135437011719
39.906700134277344
39.8104133605957
45.321903228759766
60.56159973144531
64.88701629638672
101.38035583496094
204.88778686523438
309.6751708984375
360.933837890625
383.2181091308594
395.576171875
405.31842041015625
407.64764404296875
406.81085205078125
398.13397216796875
388.48333740234375
377.4402160644531
365.4171142578125
355.5845642089844
348.5511169433594
342.49932861328125
142.21881103515625
368.8672790527344
386.58758544921875
400.3647766113281
401.52789306640625
388.2049255371094
353.1593322753906
238.174072265625
97.16952514648438
44.19435119628906
37.11911392211914
41.02307891845703
45.35894012451172
39.62177276611328
39.10590744018555
40.798072814941406
57.25273513793945
116.30970764160156
218.6392822265625
289.1526794433594
298.3724060058594
306.4436340332031
305.7503967285156
304.3753967285156
318.86016845703125
350.6156005859375
376.2689208984375
385.7322692871094
383.4169921875
373.2074279785156
362.9857177734375
354.5954895019531
144.73910522460938
364.1443786621094
364.1106872558594
360.4978942871094
341.3225402832031
297.9421691894531
259.2248229980469
201.0428924560547
111.31636047363281
52.402191162109375
37.714290618896484
42.3956413269043
46.58808517456055
41.28413772583008
36.28201675415039
37.36019515991211
38.95265579223633
58.67292404174805
168.81541442871094
269.5646057128906
282.0101318359375
310.4618835449219
298.26898193359375
290.0763244628906
313.9533996582031
369.24151611328125
399.94268798828125
403.9794616699219
383.6896057128906
331.4451599121094
332.034912109375
349.3822937011719
144.32363891601562
362.93017578125
360.91357421875
357.2624206542969
343.0035095214844
302.2118225097656
257.9664306640625
219.75604248046875
142.76055908203125
62.6309814453125
38.97993850708008
45.31039047241211
54.71497344970703
62.047142028808594
57.300994873046875
44.85769271850586
39.596370697021484
50.022891998291016
152.99154663085938
256.35809326171875
267.82281494140625
283.09716796875
276.1064453125
269.80914306640625
286.5768737792969
327.952392578125
359.0263977050781
375.50079345703125
353.52166748046875
263.8970031738281
276.3518371582031
323.9583740234375
134.06503295898438
327.65704345703125
318.551025390625
316.6539306640625
304.2982177734375
270.28900146484375
240.01947021484375
232.592529296875
172.22647094726562
84.72958374023438
67.21245574951172
69.30242919921875
70.69286346435547
116.54856872558594
141.0111541748047
107.2939453125
89.2081298828125
109.97474670410156
220.0009002685547
344.319580078125
363.0133056640625
348.2109375
328.395263671875
297.4991455078125
294.2498779296875
312.2269287109375
330.20050048828125
336.5732727050781
313.18670654296875
205.88018798828125
180.96136474609375
256.28271484375
110.91685485839844
253.61358642578125
244.5769805908203
250.51751708984375
254.04196166992188
255.2874755859375
256.9742126464844
258.25555419921875
210.57876586914062
131.44638061523438
111.15805053710938
93.55760192871094
81.41291809082031
157.17642211914062
200.16612243652344
159.98953247070312
125.60025024414062
151.8345184326172
228.87310791015625
311.12371826171875
329.6369934082031
302.634765625
292.9863586425781
297.4875183105469
312.68731689453125
306.1380920410156
289.0976257324219
274.6268615722656
255.53802490234375
161.2686767578125
100.69749450683594
174.70887756347656
90.12625885009766
163.48367309570312
162.39981079101562
170.1199951171875
179.7574920654297
189.87144470214844
195.960693359375
196.7444610595703
171.5460205078125
124.46699523925781
111.32310485839844
97.41131591796875
82.08560180664062
153.4884033203125
207.34115600585938
174.99630737304688
127.21340942382812
146.2373046875
204.92030334472656
251.79409790039062
255.09005737304688
206.1152801513672
182.351318359375
204.5566864013672
239.5029296875
237.85821533203125
217.8365478515625
198.25616455078125
186.01316833496094
125.67828369140625
63.12553405761719
98.60128784179688
67.04000091552734
91.00956726074219
96.35086822509766
100.37248992919922
105.37699890136719
111.94635009765625
120.17158508300781
127.68743896484375
127.37098693847656
133.89791870117188
143.8274383544922
121.9984130859375
101.31958770751953
164.9946746826172
220.7843017578125
209.2763671875
164.19729614257812
163.3675994873047
218.37451171875
250.33871459960938
237.643310546875
156.16693115234375
94.2489242553711
111.983154296875
160.28018188476562
195.24166870117188
198.70562744140625
183.23265075683594
164.01251220703125
106.63078308105469
49.82825469970703
49.77228546142578
36.38498306274414
107.98526763916016
114.95225524902344
121.46852111816406
129.5794219970703
137.9302520751953
145.23806762695312
146.46365356445312
144.23741149902344
159.52549743652344
153.6266632080078
102.15316772460938
101.97108459472656
178.64805603027344
216.81700134277344
214.82879638671875
167.1765899658203
153.373291015625
219.442138671875
258.4265441894531
252.81906127929688
152.5360565185547
54.207489013671875
49.047157287597656
85.14228820800781
154.52398681640625
199.0632781982422
192.8755340576172
153.22265625
77.34333801269531
31.19835662841797
29.149028778076172
17.883159637451172
167.60617065429688
164.9833984375
174.3104248046875
187.93753051757812
197.94760131835938
202.70358276367188
202.14517211914062
191.562744140625
197.6063232421875
182.26010131835938
102.22016906738281
100.63735961914062
197.14508056640625
240.69085693359375
242.51028442382812
191.25332641601562
177.18228149414062
256.2283935546875
299.53338623046875
297.2742004394531
184.96792602539062
58.659820556640625
32.28583526611328
45.25201416015625
143.0607452392578
243.34661865234375
255.79421997070312
217.8001708984375
133.2115020751953
61.92527770996094
45.155250549316406
17.83169174194336
248.61422729492188
238.35775756835938
245.62921142578125
256.51824951171875
266.3436279296875
271.1106262207031
266.06793212890625
255.50775146484375
268.5240173339844
258.3059997558594
153.76483154296875
127.61051940917969
235.931884765625
296.6938171386719
296.3663330078125
244.27960205078125
235.95541381835938
316.5638427734375
364.58843994140625
357.8332824707031
230.94058227539062
80.7188720703125
42.317848205566406
57.68375015258789
155.86221313476562
277.4993591308594
303.1344299316406
270.04827880859375
180.24346923828125
83.24215698242188
62.36604309082031
23.09935760498047
289.59564208984375
272.99688720703125
277.6906433105469
288.2023620605469
297.4617004394531
300.970947265625
298.5220947265625
288.2322998046875
275.94085693359375
255.5694580078125
170.17849731445312
138.0301055908203
217.162841796875
272.7637939453125
262.5865783691406
218.96075439453125
219.92938232421875
291.7182312011719
345.6107482910156
341.27142333984375
249.41793823242188
134.16064453125
94.47981262207031
113.89497375488281
176.50173950195312
276.73651123046875
305.7214050292969
285.4219970703125
204.9881591796875
97.35658264160156
71.39930725097656
27.95770263671875
293.4117736816406
283.2283630371094
289.6212463378906
294.5420227050781
295.9245910644531
296.2118225097656
300.3348083496094
285.4355773925781
236.74676513671875
193.51560974121094
131.5878143310547
101.31932067871094
152.9346160888672
204.60733032226562
199.29794311523438
171.03164672851562
177.27540588378906
237.45281982421875
294.1078186035156
294.4017028808594
228.11636352539062
142.08767700195312
99.43466186523438
114.30526733398438
165.32931518554688
252.2706298828125
284.15325927734375
272.5210266113281
213.62655639648438
117.24667358398438
80.42820739746094
33.308528900146484
272.28570556640625
264.7395935058594
270.16290283203125
272.7540283203125
265.520751953125
258.9925231933594
267.994140625
242.50009155273438
169.898193359375
123.70388793945312
94.66207122802734
80.80001831054688
104.8504638671875
129.38404846191406
123.44505310058594
107.01173400878906
112.31684875488281
168.40957641601562
238.82730102539062
246.44192504882812
195.10256958007812
133.02706909179688
105.56109619140625
112.21109771728516
161.83175659179688
231.16371154785156
254.13333129882812
240.837158203125
180.67237854003906
89.97760009765625
55.35845947265625
25.028308868408203
250.05633544921875
243.46502685546875
243.96685791015625
230.5401611328125
205.68936157226562
192.0377197265625
199.836669921875
171.6892547607422
99.67718505859375
49.46734619140625
34.45497512817383
34.46304702758789
49.342803955078125
62.40577697753906
59.84077453613281
53.649818420410156
57.53303527832031
107.01081848144531
180.1370849609375
191.49974060058594
147.02969360351562
89.6773681640625
68.94256591796875
68.9326171875
117.26704406738281
190.00253295898438
219.7193145751953
204.58763122558594
146.7145233154297
78.03195190429688
47.012001037597656
19.165699005126953
237.71127319335938
236.591796875
232.69912719726562
205.63267517089844
168.68008422851562
145.8726043701172
139.2485809326172
112.1255111694336
62.75654602050781
30.028564453125
23.27018928527832
24.426795959472656
30.828105926513672
34.020545959472656
31.52625274658203
30.010910034179688
35.21843719482422
75.1728744506836
135.6912078857422
153.937255859375
110.78852844238281
48.767250061035156
27.027923583984375
40.49217987060547
92.6479263305664
160.37026977539062
187.48428344726562
169.73973083496094
114.97396850585938
62.07312774658203
39.62483215332031
16.216312408447266
221.7552490234375
218.79751586914062
213.9610595703125
190.85162353515625
158.0879364013672
130.0636444091797
109.63279724121094
75.58435821533203
38.56221008300781
23.443828582763672
23.129112243652344
24.52898597717285
26.165742874145508
26.14737892150879
23.88705825805664
22.499074935913086
24.74471092224121
60.05352783203125
114.63102722167969
145.60580444335938
110.19960021972656
54.31391143798828
39.292274475097656
74.38615417480469
129.59471130371094
178.80198669433594
194.1011199951172
178.40377807617188
135.1529998779297
86.27372741699219
54.187339782714844
20.818843841552734
201.28561401367188
198.29225158691406
198.77980041503906
185.18638610839844
162.1009979248047
142.5557861328125
128.1663055419922
85.17683410644531
36.80256652832031
21.26016616821289
21.118839263916016
22.87934112548828
22.98914337158203
22.7496395111084
21.370887756347656
19.673795700073242
31.594783782958984
73.17076873779297
113.2655029296875
137.7106475830078
127.33447265625
101.66636657714844
107.13442993164062
139.02919006347656
185.92311096191406
234.23956298828125
259.6304626464844
251.58798217773438
219.75732421875
177.4705810546875
127.52702331542969
48.98302459716797
122.61312866210938
111.93584442138672
114.37264251708984
113.39746856689453
108.01911926269531
98.44244384765625
84.89956665039062
51.55291748046875
16.83251190185547
8.048145294189453
11.293228149414062
11.731273651123047
11.925146102905273
11.925146102905273
11.699566841125488
10.699234962463379
17.887908935546875
43.01983642578125
67.658447265625
82.85958862304688
75.19747161865234
49.61773681640625
46.99646759033203
67.48408508300781
101.03538513183594
133.73106384277344
162.70321655273438
153.6637420654297
126.79031372070312
102.35501098632812
68.97744750976562
20.807296752929688
