82.97610473632812
133.7322998046875
97.79249572753906
49.46002197265625
60.92713928222656
32.412139892578125
25.684432983398438
21.987255096435547
11.560914993286133
197.6785888671875
92.402587890625
0.0
48.16645812988281
27.878021240234375
44.98197937011719
64.53451538085938
63.301910400390625
265.22113037109375
85.10382080078125
0.0
159.87222290039062
134.73782348632812
92.5899658203125
117.29814147949219
55.37213134765625
160.19393920898438
0.0
0.0
201.5726318359375
228.59909057617188
142.7464599609375
130.3974609375
0.0
98.77444458007812
31.683609008789062
0.0
98.931640625
129.85421752929688
32.22007751464844
89.20521545410156
16.574081420898438
166.250244140625
108.69636535644531
42.04351806640625
65.446533203125
0.0
0.0
65.147705078125
54.758697509765625
110.08251953125
0.0
0.0
29.81884765625
105.70928955078125
0.0
79.96038818359375
0.0
2.3722329139709473
0.0
0.0
0.0
0.0
0.0
44.61466979980469
