208.57113647460938
311.4195556640625
331.50457763671875
345.914794921875
324.88671875
312.775146484375
327.9058837890625
330.43768310546875
319.6015625
311.15899658203125
299.5484619140625
288.86248779296875
281.4937744140625
273.82440185546875
270.36273193359375
102.46221923828125
277.0875244140625
433.5865478515625
453.4488525390625
478.654052734375
432.30548095703125
444.11151123046875
464.41973876953125
467.04083251953125
451.82415771484375
433.47314453125
416.83489990234375
409.81591796875
400.25927734375
384.7293701171875
365.8006591796875
152.43661499023438
306.9388427734375
460.52435302734375
480.66888427734375
506.92694091796875
440.02557373046875
402.33734130859375
457.98931884765625
501.73443603515625
471.09075927734375
450.12152099609375
428.4892578125
419.17626953125
409.940185546875
392.0177001953125
373.17291259765625
140.1116943359375
340.78717041015625
530.9071044921875
570.2537841796875
545.381591796875
419.64520263671875
463.46185302734375
502.95635986328125
549.1690673828125
532.6097412109375
514.7037353515625
491.89825439453125
471.58135986328125
447.35797119140625
421.97796630859375
404.65283203125
148.4517822265625
373.37646484375
585.942626953125
609.838134765625
465.07269287109375
263.64044189453125
457.15203857421875
551.17626953125
600.5960693359375
599.8251953125
582.1724853515625
551.5863037109375
523.3272705078125
495.28240966796875
463.51568603515625
442.55108642578125
157.1824951171875
395.60162353515625
621.9000244140625
594.88232421875
348.01019287109375
211.92822265625
348.6859130859375
383.58331298828125
527.4248046875
675.256591796875
672.905517578125
602.446533203125
565.4801025390625
535.095947265625
507.33013916015625
484.49017333984375
162.95660400390625
409.71954345703125
625.7906494140625
524.957763671875
285.09375
181.38421630859375
176.48324584960938
200.2940673828125
389.9930419921875
526.6629638671875
594.244873046875
612.074951171875
575.8548583984375
571.0140380859375
581.6610107421875
510.89471435546875
159.20611572265625
390.0223388671875
598.2025146484375
501.10614013671875
328.8106689453125
146.87112426757812
58.58097839355469
155.4102783203125
281.26776123046875
439.83258056640625
575.34765625
569.2042236328125
574.470947265625
553.5162353515625
546.962890625
478.09979248046875
157.337158203125
314.2164306640625
489.45733642578125
483.669677734375
332.5938720703125
253.51779174804688
166.41677856445312
191.25619506835938
260.876953125
377.688720703125
461.128173828125
481.34075927734375
526.595458984375
517.2613525390625
455.25054931640625
381.032470703125
157.4595947265625
215.90093994140625
373.58392333984375
372.3985595703125
306.0169677734375
315.7503662109375
262.239013671875
228.998291015625
306.1417236328125
391.4588623046875
405.0439453125
400.5626220703125
419.323974609375
471.837646484375
371.40087890625
247.64935302734375
104.20040893554688
227.16574096679688
332.395751953125
337.603271484375
306.75787353515625
282.7691650390625
292.760986328125
353.89227294921875
402.37945556640625
466.57037353515625
420.4979248046875
259.91180419921875
277.14923095703125
397.0797119140625
354.57574462890625
194.91021728515625
56.54444885253906
250.33193969726562
354.49481201171875
354.0462646484375
367.520263671875
275.5673828125
314.43218994140625
345.2821044921875
385.52783203125
451.767822265625
395.28131103515625
261.70367431640625
333.4766845703125
341.81842041015625
353.16015625
185.93310546875
65.90628051757812
288.2236328125
439.9854736328125
434.23480224609375
417.92633056640625
253.4473876953125
328.1217041015625
334.53802490234375
379.349853515625
459.8472900390625
401.99078369140625
295.25244140625
348.34698486328125
351.56787109375
364.162841796875
210.124755859375
102.45791625976562
272.53265380859375
393.95147705078125
349.82330322265625
275.8013916015625
207.49212646484375
237.1761474609375
206.97576904296875
243.71820068359375
337.5919189453125
302.59930419921875
228.64166259765625
314.6405029296875
352.614013671875
326.24102783203125
175.2454833984375
108.09213256835938
224.3404541015625
334.64105224609375
336.5330810546875
220.71298217773438
104.51779174804688
87.6610107421875
77.80014038085938
124.14065551757812
235.76858520507812
248.88473510742188
234.54595947265625
296.47015380859375
343.865966796875
380.91656494140625
292.601806640625
84.97135925292969
117.2681884765625
207.39215087890625
190.32662963867188
125.436767578125
101.62705993652344
54.47710418701172
28.378761291503906
57.60662078857422
109.90493774414062
115.5272216796875
163.3360595703125
214.83453369140625
222.055908203125
243.7716064453125
212.58221435546875
157.709228515625
