0.0
0.0
0.0
0.0
0.0
0.0
0.0
0.0
0.0
0.0
0.0
0.0
0.0
0.0
0.0
0.0
0.0
0.0
0.0
0.0
0.0
0.0
0.0
0.0
0.0
0.0
0.0
0.0
0.0
0.0
0.0
0.3649900555610657
0.0
0.0
0.0
0.0
0.0
0.0
0.0
0.0
0.0
0.0
0.0
0.0
0.0
0.0
0.0
0.0
0.0
0.0
0.0
0.0
0.0
0.0
0.0
0.0
0.0
0.0
0.0
0.0
0.0
0.0
0.0
0.0
0.0
0.0
0.0
0.0
0.0
87.39375305175781
63.31598663330078
0.0
0.0
0.0
0.0
0.0
0.0
0.0
0.0
7.7208099365234375
0.0
0.0
0.0
0.0
40.491737365722656
57.44905090332031
26.640888214111328
107.49530029296875
99.212890625
0.0
0.0
0.0
0.0
0.0
0.0
7.234128952026367
0.0
0.0
0.0
7.240205764770508
22.637378692626953
9.789850234985352
0.0
3.9720401763916016
73.94876098632812
85.40325927734375
25.245738983154297
0.0
0.0
0.0
0.0
1.318399429321289
0.0
0.0
0.0
25.288082122802734
0.0
0.0
0.0
0.0
0.0
0.0
0.0
0.0
0.0
0.0
0.0
52.14635467529297
0.0
0.0
26.561569213867188
55.30644226074219
33.866554260253906
0.0
0.0
0.0
0.0
0.0
0.0
0.0
0.0
0.0
0.0
134.28866577148438
0.0
99.00947570800781
97.57209777832031
151.04400634765625
67.92718505859375
0.0
0.0
0.0
0.0
0.0
0.0
39.33055114746094
61.178802490234375
37.46131134033203
31.224655151367188
141.35501098632812
0.0
0.0
0.0
0.0
0.0
0.0
0.0
0.0
0.0
0.0
0.0
0.0
68.44834899902344
0.0
0.0
0.0
0.0
0.0
0.0
0.0
0.0
0.0
0.0
0.0
0.0
0.0
0.0
0.0
0.0
0.0
0.0
0.0
0.0
0.0
0.0
0.0
0.0
8.170125961303711
38.812416076660156
62.980873107910156
66.90264892578125
47.47718811035156
59.74256134033203
26.049388885498047
0.0
0.0
38.597755432128906
41.355201721191406
0.0
0.0
0.0
41.85858154296875
122.25770568847656
73.28538513183594
82.96958923339844
64.552001953125
72.68089294433594
62.5123291015625
101.07945251464844
75.06993103027344
0.0
0.0
62.065635681152344
91.76702880859375
0.0
16.546863555908203
14.48695182800293
0.0
11.314676284790039
62.13562774658203
25.767433166503906
19.179988861083984
7.949556350708008
8.256010055541992
37.751434326171875
0.0
0.0
0.0
0.0
0.0
19.089420318603516
102.57652282714844
117.85562133789062
145.65191650390625
111.97889709472656
30.595821380615234
12.670747756958008
0.0
0.0
7.415872573852539
78.16317749023438
72.28739929199219
0.0
49.50226593017578
144.27215576171875
185.5697021484375
