172.5970458984375
83.60639953613281
117.13246154785156
76.84614562988281
75.08958435058594
101.75639343261719
64.38189697265625
117.1392822265625
271.58837890625
164.15826416015625
105.41560363769531
90.99555969238281
65.419677734375
58.20287322998047
24.46451187133789
156.5841064453125
379.4381103515625
269.54595947265625
12.298036575317383
73.93637084960938
103.98309326171875
76.62081909179688
64.99728393554688
236.04669189453125
441.6796875
142.42755126953125
0.0
0.0
99.34422302246094
46.015045166015625
115.31092834472656
205.65313720703125
285.45947265625
21.020740509033203
0.0
23.380477905273438
118.71394348144531
38.44639587402344
25.72420883178711
31.930713653564453
216.86727905273438
0.0
4.322481155395508
18.480335235595703
67.21653747558594
10.62089729309082
0.0
8.351816177368164
317.74945068359375
113.65187072753906
27.39612579345703
0.0
82.50991821289062
0.0
39.82006072998047
58.35157012939453
164.803466796875
0.0
0.0
0.0
20.300067901611328
0.0
0.0
0.0
