69.91468811035156
103.32833862304688
106.8449935913086
107.4505615234375
108.83480834960938
109.95724487304688
111.57102966308594
113.437744140625
113.86349487304688
112.98318481445312
114.42668151855469
116.625732421875
116.30320739746094
115.17051696777344
112.65599060058594
111.50424194335938
111.28059387207031
110.55680847167969
108.06570434570312
105.04425048828125
102.20497131347656
98.57815551757812
97.18930053710938
95.85719299316406
94.24909973144531
92.41838836669922
89.68803405761719
86.46485137939453
83.51846313476562
81.65072631835938
80.49890899658203
33.41389465332031
0.0
0.0
0.19432830810546875
3.1780242919921875
3.068572998046875
1.8103790283203125
0.30492401123046875
0.0
0.0
0.0
0.3462677001953125
4.2763671875
3.1967010498046875
0.315185546875
1.240020751953125
3.7498779296875
6.0491180419921875
8.16424560546875
8.294448852539062
10.219573974609375
10.418060302734375
10.324203491210938
11.8409423828125
12.950286865234375
14.156967163085938
15.693817138671875
15.554351806640625
13.057327270507812
12.913131713867188
14.395263671875
15.968353271484375
11.031288146972656
0.0
0.0
0.0
0.0
0.0
0.0
0.0
0.0
0.0
0.0
0.0
0.0
0.0
0.0
0.0
0.0
0.0
1.249908447265625
3.266571044921875
4.4073638916015625
4.7429351806640625
5.4488677978515625
7.567626953125
8.729934692382812
10.51513671875
13.288619995117188
12.610671997070312
10.906906127929688
10.846359252929688
11.784759521484375
13.241134643554688
8.627120971679688
0.0
0.0
0.0
0.0
0.0
0.0
0.0
0.0
0.0
0.0
0.0
0.0
0.0
0.0
0.0
0.0
0.0
0.0
0.0100555419921875
4.2650299072265625
5.440399169921875
6.73504638671875
7.7294158935546875
8.112350463867188
10.33526611328125
12.321792602539062
12.289688110351562
10.583282470703125
11.098602294921875
12.309280395507812
13.274169921875
7.613372802734375
0.0
0.0
0.0
0.0
0.0
0.0
0.0
0.0
0.0
0.0
0.0
0.0
0.0
0.0
0.0
0.0
0.0
0.0
0.0
0.0
1.7205657958984375
3.944427490234375
5.22149658203125
5.7811737060546875
7.471466064453125
10.169891357421875
9.246322631835938
7.3220977783203125
7.19635009765625
9.735671997070312
12.234619140625
6.9001617431640625
0.0
0.0
0.0
0.0
0.0
0.0
0.0
0.0
0.0
0.0
0.0
0.0
1.6197662353515625
0.0
0.0
0.0
0.0
0.0
0.0
0.0
0.0
0.1728668212890625
5.28900146484375
6.1131439208984375
7.9562530517578125
9.472335815429688
9.275848388671875
6.6214599609375
5.99560546875
7.1155548095703125
9.428497314453125
5.2988739013671875
0.0
0.0
0.0
0.0
0.0
0.0
0.0
0.0
0.0
0.0
0.0
0.0
0.0
0.0
0.0
0.0
0.0
0.0
0.0
0.0
0.0
0.0
4.0222625732421875
6.0914154052734375
6.9598236083984375
7.1893768310546875
3.9379425048828125
1.3630828857421875
1.554473876953125
2.838226318359375
6.971771240234375
3.3755340576171875
0.0
0.0
0.0
0.0
0.0
0.0
0.0
0.0
0.0
0.0
0.0
0.0
0.0
0.0
0.0
0.0
0.0
0.0
0.0
0.0
0.0
0.0
0.0
0.0
0.0
0.0
0.0
0.0
0.0
1.858551025390625
6.119903564453125
2.8907012939453125
0.0
0.0
0.0
0.0
0.0
0.0
0.0
0.0
0.0
11.4459228515625
35.62171936035156
56.809326171875
23.48773193359375
7.133880615234375
0.0
0.0
0.0
0.0
0.0
0.0
0.0
0.0
0.0
0.0
0.0
0.0
0.0
0.0
0.0
0.30681610107421875
4.639617919921875
0.118865966796875
0.0
0.0
0.0
0.0
0.0
0.0
0.0
0.0
0.0
0.0
0.0
0.0
0.0
0.0
0.0
0.0
0.0
0.0
0.0
0.0
0.0
0.0
0.0
0.0
0.0
0.0
0.0
0.0
0.0
0.0
2.1949920654296875
0.0
0.0
0.0
0.0
0.0
0.0
0.0
0.0
0.0
0.0
0.0
0.0
0.0
0.0
0.0
6.4968414306640625
29.780105590820312
19.305831909179688
5.3441619873046875
0.0
0.0
0.0
0.0
0.0
0.0
0.0
0.0
0.0
0.0
0.0
0.0
0.0
0.0
0.0
0.0
0.0
0.0
0.0
0.0
0.0
0.0
0.0
0.0
0.0
0.0
0.0
0.0
0.0
17.263214111328125
22.582077026367188
11.008377075195312
3.58807373046875
0.0
0.0
0.0
0.0
0.0
0.0
0.0
0.0
0.0
0.0
0.0
0.0
0.0
0.0
0.0
0.0
0.0
0.0
0.0
0.0
0.0
0.0
0.0
0.8189735412597656
0.0
0.0
0.0
0.0
0.0
0.0
15.889785766601562
19.433837890625
0.8255615234375
0.0
0.0
0.0
0.0
0.0
0.0
0.0
0.0
0.0
0.0
0.0
0.0
0.0
0.0
0.0
0.0
0.0
5.99432373046875
21.41021728515625
8.789306640625
0.0
0.0
0.056342124938964844
0.0
0.0
0.0
0.0
0.0
0.0
0.0
27.906204223632812
44.467559814453125
36.568450927734375
21.82806396484375
10.566024780273438
5.1793975830078125
0.0
0.0
0.0
0.0
0.0
0.0
0.0
0.0
0.0
0.0
0.0
0.0
0.0
24.342529296875
85.13308715820312
78.30097961425781
40.95599365234375
1.3251419067382812
0.0
0.0
0.0
0.0
0.0
0.0
0.0
0.0
0.0
0.0
0.0
0.0
22.089614868164062
38.592803955078125
34.94264221191406
20.028549194335938
3.5865936279296875
0.0
0.0
0.0
0.0
0.0
0.0
0.0
0.0
0.0
0.0
0.0
0.0
0.0
0.0
0.0
4.604791641235352
3.779125213623047
0.8392906188964844
0.0
0.0
0.0
0.0
0.0
0.0
0.0
0.0
0.0
0.0
0.0
0.0
0.0
0.0
0.0
0.0
11.21807861328125
9.030792236328125
0.0
0.0
0.0
0.0
0.0
0.0
0.0
0.0
0.0
0.0
0.0
0.0
0.0
3.769102096557617
0.0
0.0
0.0
0.0
38.24571990966797
60.42291259765625
70.37153625488281
67.90522766113281
21.719573974609375
0.2228546142578125
0.0
0.0
0.0
0.0
0.0
0.0
0.0
0.0
0.0
0.0
0.0
4.553497314453125
27.824417114257812
66.69459533691406
92.57942199707031
107.18197631835938
65.79006958007812
17.40123748779297
0.0
0.0
0.0
2.1348609924316406
0.0
0.0
0.0
0.0
0.0
0.0
0.0
9.273056030273438
63.21073913574219
80.44230651855469
67.79373168945312
19.971084594726562
0.0
0.0
0.0
0.0
0.0
0.0
0.0
0.0
0.0
0.0
0.0
0.0
6.4940643310546875
22.458267211914062
46.14976501464844
54.97486877441406
30.170555114746094
0.0
6.895206451416016
43.822547912597656
44.22417449951172
39.63037872314453
37.89097595214844
42.35234069824219
17.561004638671875
0.0
0.0
0.0
0.0
0.0
0.0
0.0
0.0
0.0
0.0
0.0
0.0
0.0
0.0
0.0
0.0
0.0
0.0
0.0
0.0
0.0
0.0
3.9476394653320312
34.43186950683594
41.963890075683594
40.34569549560547
22.701080322265625
10.166267395019531
39.43843078613281
32.88725280761719
34.47431945800781
14.122344970703125
0.0
0.0
0.0
0.0
0.0
0.0
0.0
0.0
0.0
0.0
0.0
0.0
0.0
0.0
0.0
0.0
0.0
0.0
0.0
0.0
0.0
0.0
0.0
0.0
0.0
0.0
0.0
0.0
0.0
0.0
0.0
0.0
0.0
0.0
0.0
0.0
0.0
0.0
0.0
0.0
0.0
0.0
0.0
0.0
0.0
0.0
0.0
0.0
0.0
0.0
0.0
0.0
0.0
0.0
0.0
0.0
0.0
0.0
0.0
0.0
0.0
0.0
0.0
0.0
0.0
0.0
0.0
0.0
0.0
0.0
0.0
0.0
0.0
0.0
0.0
0.0
0.0
0.0
17.152477264404297
19.860809326171875
23.207252502441406
27.486244201660156
29.914283752441406
30.89508819580078
26.91064453125
22.271499633789062
30.777687072753906
27.17176055908203
9.146514892578125
22.0977783203125
38.30010986328125
33.83477020263672
35.8551025390625
14.920028686523438
24.821304321289062
30.63886260986328
24.007217407226562
32.53330993652344
3.03662109375
1.8533782958984375
0.5349807739257812
0.0
2.3173255920410156
0.0
0.0
0.0
0.0
0.0
0.0
0.0
0.0
0.0
0.0
0.0
0.0
3.17266845703125
2.8795318603515625
0.0
0.0
0.0
0.0
0.0
0.0
0.0
0.0
0.0
0.0
0.0
0.0
0.0
0.0
0.0
0.0
0.0
0.0
0.0
0.0
15.646270751953125
16.76373291015625
8.575782775878906
16.973682403564453
0.0
0.0
0.0
0.0
0.0
0.0
0.0
0.0
0.0
0.0
0.0
0.0
0.0
0.0
0.0
0.0
0.0
0.0
0.0
0.0
0.0
0.0
3.607086181640625
0.0
6.1640472412109375
0.0
0.0
0.0
0.0
0.0
11.372451782226562
28.564964294433594
1.1436309814453125
0.0
0.0
0.0
0.0
0.0
0.0
0.0
0.0
0.0
0.0
0.0
0.0
0.0
0.0
0.0
0.0
0.0
0.0
0.0
0.0
0.0
37.422149658203125
50.187286376953125
68.79629516601562
32.202911376953125
0.0
0.0
0.0
0.0
0.0
0.0
0.0
0.0
0.0
0.0
0.0
0.0
0.0
0.0
0.0
0.0
0.0
0.0
0.0
0.0
0.0
0.0
0.0
0.0
0.0
0.0
0.0
0.0
0.0
0.0
0.0
0.0
0.0
0.0
0.0
0.0
0.0
0.0
0.0
0.0
0.0
0.0
0.0
0.0
0.0
0.0
0.0
0.0
0.0
0.0
0.0
0.0
0.0
0.0
0.0
0.0
0.0
0.0
0.0
0.0
0.0
0.0
0.0
0.0
0.0
0.0
0.0
0.0
0.0
0.0
0.0
0.0
0.0
0.0
0.0
0.0
0.0
0.0
0.0
0.0
0.0
0.0
0.0
0.152130126953125
0.0
0.0
0.0
0.0
0.0
0.0
0.0
0.0
0.0
0.0
0.0
0.0
0.0
0.0
0.0
0.0
0.0
0.0
0.0
0.0
0.0
0.0
0.0
0.0
0.0
0.0
0.0
0.0
0.0
0.0
0.0
0.0
0.0
0.0
0.0
0.0
0.0
0.0
0.0
0.0
0.0
0.0
3.2102699279785156
0.0
0.0
0.0
0.0
0.0
0.0
0.0
0.0
0.0
0.0
0.0
3.8543167114257812
20.37322235107422
27.412574768066406
21.68352508544922
0.0
0.0
0.0
0.0
0.0
0.0
0.0
0.0
0.0
1.428328037261963
5.443586349487305
0.04864311218261719
0.6942062377929688
0.0
0.0
0.0
0.0
0.0
26.061447143554688
35.5133056640625
20.154312133789062
15.835601806640625
13.802139282226562
2.4657440185546875
0.0
0.0
2.2898025512695312
4.094207763671875
11.502449035644531
23.272308349609375
41.35404968261719
61.878684997558594
60.35283660888672
42.71611022949219
17.806556701660156
3.3773841857910156
4.958418846130371
4.845615386962891
4.845615386962891
4.611705780029297
3.5538692474365234
10.817200660705566
21.077152252197266
34.86652374267578
44.82697296142578
69.73820495605469
94.71697235107422
105.60256958007812
79.88058471679688
67.1724853515625
76.15000915527344
103.71978759765625
131.2664031982422
151.5694580078125
158.00350952148438
142.037841796875
84.73217010498047
