100.66433715820312
175.85488891601562
128.17886352539062
134.3388671875
153.767333984375
147.95828247070312
171.05218505859375
23.03485870361328
393.87249755859375
305.16204833984375
324.37762451171875
251.09262084960938
294.61981201171875
269.02105712890625
303.04364013671875
21.53209686279297
486.9012451171875
312.47698974609375
274.09857177734375
245.98831176757812
383.209716796875
365.51800537109375
417.549560546875
12.856346130371094
422.08319091796875
215.47512817382812
224.75851440429688
257.484130859375
357.53216552734375
395.9801025390625
444.3822021484375
45.891273498535156
370.0892333984375
185.10763549804688
130.8177490234375
303.11383056640625
390.703369140625
325.50787353515625
296.38275146484375
0.0
392.4344482421875
361.505859375
265.3482666015625
258.06182861328125
305.8336181640625
360.1309814453125
227.59323120117188
70.82986450195312
259.208740234375
247.90643310546875
130.146728515625
179.837646484375
126.25828552246094
240.78897094726562
87.52122497558594
38.83812713623047
222.25546264648438
85.73197937011719
131.12875366210938
164.04666137695312
162.93801879882812
150.59732055664062
40.41777801513672
0.0
