93.04632568359375
1.6968574523925781
9.141414642333984
15.012950897216797
8.890567779541016
0.0
0.0
2.7182350158691406
0.0
0.0
0.0
0.0
0.0
0.0
3.5296401977539062
0.0
176.82180786132812
49.10625457763672
54.12114715576172
70.53501892089844
58.64580535888672
0.0
48.13532257080078
51.981407165527344
28.712047576904297
23.641521453857422
11.454387664794922
2.0215415954589844
6.162258148193359
6.582874298095703
35.77557373046875
0.0
263.2353515625
147.53543090820312
147.70651245117188
175.93740844726562
158.367431640625
52.416786193847656
140.89178466796875
166.79962158203125
125.18099975585938
115.44757080078125
92.05300903320312
75.92234802246094
79.72091674804688
75.48350524902344
101.89967346191406
0.0
293.83892822265625
160.94796752929688
180.08135986328125
199.75433349609375
131.078369140625
0.0
143.6021728515625
189.62448120117188
145.2283935546875
138.07684326171875
124.325927734375
110.39324951171875
106.70610046386719
95.860595703125
122.8287353515625
0.0
313.7845458984375
169.6722412109375
224.87130737304688
199.53048706054688
41.05638885498047
0.0
225.2177734375
193.67987060546875
139.0377197265625
151.47335815429688
145.979248046875
133.44998168945312
129.7803955078125
117.97154235839844
150.57730102539062
0.0
330.95501708984375
181.03994750976562
248.0797119140625
139.64593505859375
0.0
0.0
216.28936767578125
162.36227416992188
165.790283203125
177.88351440429688
134.69979858398438
133.59762573242188
138.5921630859375
133.92312622070312
176.07528686523438
0.0
358.19384765625
199.664794921875
204.26101684570312
0.0
0.0
14.93710708618164
153.09466552734375
83.92756652832031
199.15518188476562
216.01171875
160.23837280273438
113.26408386230469
123.05802917480469
162.37002563476562
198.67434692382812
0.0
356.9925537109375
171.36837768554688
99.55226135253906
0.0
0.0
0.0
80.09722900390625
42.99320983886719
165.97769165039062
163.07925415039062
109.51231384277344
89.49238586425781
142.7918701171875
185.73550415039062
204.94235229492188
0.0
332.995361328125
151.84820556640625
72.05662536621094
0.0
0.0
0.0
40.213706970214844
6.197353363037109
93.64535522460938
186.9796142578125
122.29182434082031
115.76890563964844
182.01028442382812
192.09042358398438
138.95016479492188
0.0
239.37115478515625
110.80654907226562
73.38151550292969
72.87290954589844
0.0
22.42196273803711
108.55303955078125
58.69184112548828
133.33432006835938
199.72244262695312
75.97369384765625
100.52030944824219
183.92803955078125
198.00775146484375
78.69772338867188
0.0
172.03433227539062
79.43559265136719
78.38323974609375
33.24303436279297
30.587642669677734
0.0
93.90005493164062
57.184776306152344
107.06802368164062
209.72592163085938
50.141510009765625
13.273944854736328
156.09796142578125
188.43768310546875
13.173450469970703
0.0
205.02947998046875
103.29782104492188
108.92121887207031
110.47737121582031
142.410888671875
0.0
155.87026977539062
115.3494873046875
111.98403930664062
203.82955932617188
0.0
0.0
147.6361083984375
191.20745849609375
0.0
0.0
271.07427978515625
151.91134643554688
146.00540161132812
160.54364013671875
107.23931884765625
0.0
198.36221313476562
109.64741516113281
156.734619140625
212.11483764648438
16.117229461669922
0.0
200.51040649414062
186.80081176757812
18.23941421508789
0.0
275.07470703125
168.16070556640625
134.52801513671875
147.87200927734375
57.84318542480469
9.24514389038086
142.3294677734375
76.65708923339844
150.57699584960938
189.95651245117188
19.814838409423828
0.0
179.95928955078125
167.22515869140625
20.36220932006836
0.0
236.91329956054688
121.14521789550781
71.22409057617188
48.99267578125
0.0
0.0
43.45872497558594
24.182796478271484
83.98013305664062
122.45365905761719
0.0
0.0
76.65629577636719
46.10759735107422
0.0
0.0
163.21490478515625
76.68939208984375
43.48985290527344
37.66517639160156
0.0
0.0
9.412338256835938
6.787050247192383
54.4615478515625
74.29107666015625
0.0
0.6958732604980469
53.005043029785156
39.012168884277344
0.0
0.0
