0.0
171.29446411132812
126.34709167480469
183.05313110351562
186.07131958007812
163.85467529296875
103.57887268066406
138.52920532226562
0.0
204.59011840820312
183.66583251953125
314.11468505859375
253.36917114257812
239.4388427734375
114.65217590332031
158.81204223632812
0.0
219.55831909179688
209.14105224609375
207.00369262695312
199.20388793945312
233.32144165039062
158.09872436523438
184.89498901367188
0.0
345.30572509765625
320.00933837890625
226.7803955078125
155.90145874023438
245.494384765625
275.1063232421875
264.10821533203125
0.0
160.87347412109375
188.61676025390625
136.1827392578125
134.952392578125
150.57958984375
164.53436279296875
153.50262451171875
0.0
242.89602661132812
251.21926879882812
252.3763427734375
228.92172241210938
180.87615966796875
197.16464233398438
187.38482666015625
0.0
256.86737060546875
217.87405395507812
122.1365966796875
171.49609375
182.58737182617188
219.90478515625
225.31884765625
0.0
72.85061645507812
82.3465576171875
57.96253967285156
65.37287902832031
97.97500610351562
102.99807739257812
90.943603515625
