0.0
0.0
0.0
0.0
0.0
0.0
0.0
0.0
45.24921417236328
0.0
7.280572891235352
13.967050552368164
0.0
0.0
0.0
0.0
10.935136795043945
0.0
0.0
14.187967300415039
0.0
0.0
0.0
0.0
100.21163940429688
0.0
63.291725158691406
136.00970458984375
79.44099426269531
32.41759490966797
0.0
14.736230850219727
145.03195190429688
18.074058532714844
23.985206604003906
69.33950805664062
60.619056701660156
76.6519775390625
0.0
0.0
228.71728515625
145.60986328125
90.05679321289062
48.50652313232422
63.12767791748047
142.63467407226562
141.2728271484375
85.07440185546875
91.58888244628906
0.0
0.0
7.275136947631836
30.60247802734375
18.907630920410156
26.20465850830078
0.0
154.74371337890625
144.66848754882812
170.66311645507812
212.44720458984375
226.38787841796875
152.228515625
145.15948486328125
45.073577880859375
