0.0
15.132434844970703
0.0
0.0
0.0
0.0
0.0
6.846294403076172
0.0
125.72752380371094
99.44895935058594
166.85693359375
97.75187683105469
38.83125305175781
51.38999938964844
29.951221466064453
9.655181884765625
261.46881103515625
159.11282348632812
164.18841552734375
71.47373962402344
36.54087829589844
39.6431884765625
10.28476333618164
186.517822265625
383.49267578125
286.92626953125
270.4854736328125
159.17510986328125
141.92657470703125
231.48193359375
82.12138366699219
225.66912841796875
243.84353637695312
53.44148254394531
144.23458862304688
280.736572265625
295.42913818359375
456.742919921875
146.6669921875
90.20823669433594
208.14764404296875
147.79046630859375
94.82194519042969
277.2196044921875
254.52188110351562
341.370849609375
182.98043823242188
184.50588989257812
374.70135498046875
347.56854248046875
298.78790283203125
329.08990478515625
189.56771850585938
323.83050537109375
94.54298400878906
278.61767578125
355.8485107421875
307.0556640625
318.05767822265625
322.60302734375
253.12997436523438
332.46221923828125
93.32090759277344
