0.0
0.0
0.0
0.0
0.0
0.0
0.0
0.0
0.0
0.0
0.0
0.0
0.0
0.0
0.0
0.0
30.420028686523438
14.592580795288086
15.785238265991211
15.265867233276367
23.28632354736328
31.537818908691406
43.368560791015625
8.023237228393555
6.392605781555176
3.9330945014953613
2.1618618965148926
3.799808979034424
0.8603253364562988
0.6904339790344238
0.0
3.3752026557922363
0.0
0.0
0.0
0.0
0.0
0.0
0.0
0.0
0.0
0.0
0.0
0.0
0.0
0.0
0.0
0.0
18.839561462402344
0.0
0.0
0.0
0.0
2.682396411895752
46.91371154785156
0.0
0.0
0.0
0.0
0.0
0.0
0.0
0.0
0.0
15.595968246459961
0.0
0.0
0.0
56.97406768798828
61.581764221191406
65.49864196777344
0.0
0.0
0.0
0.0
0.0
0.0
0.0
0.0
0.0
11.650167465209961
0.0
0.0
37.56816864013672
112.66453552246094
81.9749755859375
81.33718872070312
58.383155822753906
32.83500671386719
0.0
0.0
0.0
0.0
0.0
0.0
0.0
26.671615600585938
0.0
43.84174346923828
58.633033752441406
74.66421508789062
39.651039123535156
100.58041381835938
89.26676940917969
70.57746887207031
15.760522842407227
30.774280548095703
26.863609313964844
24.735130310058594
0.0
0.0
0.0
49.084075927734375
29.873973846435547
102.91999816894531
49.509368896484375
0.0
23.93675994873047
19.16797637939453
0.0
73.61915588378906
51.91509246826172
64.65565490722656
32.72068786621094
25.835838317871094
0.0
0.0
0.0
108.8349609375
98.13212585449219
103.28565979003906
56.758331298828125
6.643826484680176
35.83202362060547
5.145733833312988
0.0
33.428321838378906
11.383604049682617
28.63593292236328
67.1361083984375
53.57664489746094
78.17927551269531
92.10897827148438
55.75489044189453
165.08038330078125
124.69949340820312
130.73577880859375
108.88926696777344
28.081829071044922
0.0
21.31800079345703
0.0
55.20416259765625
100.6063232421875
74.01089477539062
166.09017944335938
126.23785400390625
116.05403137207031
120.222900390625
61.31011199951172
62.6611328125
2.2639966011047363
14.413034439086914
0.0
0.0
0.0
78.00309753417969
0.0
31.383270263671875
34.902313232421875
0.0
86.21028137207031
60.898963928222656
0.0
0.42093318700790405
11.477251052856445
0.0
0.0
0.0
0.0
0.0
0.0
54.244834899902344
0.0
12.492231369018555
15.139219284057617
16.149303436279297
47.40679168701172
46.33204650878906
0.0
0.0
15.259485244750977
59.53326416015625
47.884620666503906
53.416282653808594
49.90196228027344
60.702239990234375
114.11819458007812
159.18963623046875
95.28816223144531
132.54849243164062
113.03053283691406
8.04646110534668
0.0
91.65121459960938
54.066123962402344
0.0
15.58222770690918
73.35989379882812
41.475860595703125
62.42680358886719
118.09983825683594
118.18592834472656
124.1728515625
114.39872741699219
96.74029541015625
110.12472534179688
101.85293579101562
42.39759063720703
63.714569091796875
98.48959350585938
60.50755310058594
25.434654235839844
4.0587968826293945
78.9176025390625
73.90675354003906
88.98587036132812
106.7135009765625
54.401336669921875
33.280982971191406
35.78187561035156
36.607154846191406
66.54859924316406
91.1741943359375
58.912872314453125
50.46339416503906
94.96894836425781
90.17547607421875
60.16455078125
46.14222717285156
133.63116455078125
121.15364074707031
97.38711547851562
79.40214538574219
45.63221740722656
33.21086120605469
14.537254333496094
15.00644302368164
56.580726623535156
91.34466552734375
56.40507507324219
63.33094024658203
111.35726928710938
124.95903015136719
96.36268615722656
65.75697326660156
