0.0
0.0
0.0
0.0
13.961410522460938
0.07471789419651031
0.0
0.0
0.0
0.0
56.89197540283203
81.78120422363281
104.97319030761719
53.23975372314453
39.285499572753906
0.0
0.0
0.0
133.32763671875
174.71029663085938
165.41964721679688
109.69236755371094
0.0
0.0
0.0
100.77421569824219
186.85440063476562
88.27931213378906
120.52320861816406
160.31497192382812
48.766151428222656
0.0
36.16297149658203
142.23223876953125
131.23556518554688
35.95178985595703
60.40978240966797
176.93453979492188
180.42929077148438
59.90436553955078
0.0
0.0
0.0
0.0
82.23818969726562
122.66972351074219
78.84327697753906
14.24441146850586
0.0
129.491943359375
180.19876098632812
222.57977294921875
255.79388427734375
224.59738159179688
87.05667114257812
67.59172058105469
110.861328125
278.56640625
224.07186889648438
177.16030883789062
178.1993408203125
230.30743408203125
232.83441162109375
147.02294921875
