271.71856689453125
430.87371826171875
372.854248046875
344.7564697265625
322.2843017578125
283.23779296875
287.072265625
168.54425048828125
453.604736328125
595.4439697265625
552.984375
461.8636474609375
489.5992431640625
438.8040771484375
436.772705078125
318.24102783203125
522.302001953125
727.94140625
566.9281005859375
307.12542724609375
425.89129638671875
454.2476806640625
523.5599365234375
425.11798095703125
456.96441650390625
651.5482177734375
388.62066650390625
227.02838134765625
371.3182373046875
372.040771484375
454.0469970703125
433.64801025390625
416.2708740234375
457.57611083984375
191.50106811523438
246.47900390625
461.25244140625
431.9034423828125
369.4930419921875
340.8934326171875
319.29327392578125
408.198486328125
317.76983642578125
332.72314453125
452.5323486328125
479.54083251953125
295.81787109375
307.50714111328125
301.37603759765625
398.65570068359375
284.9993896484375
194.53497314453125
248.72445678710938
296.8651123046875
206.23019409179688
256.79425048828125
219.49594116210938
104.04779052734375
0.0
0.0
78.81182861328125
104.68304443359375
15.652511596679688
32.319541931152344
