52.835182189941406
102.49769592285156
51.19775390625
0.0
59.67926025390625
45.33087158203125
79.86946105957031
58.81010437011719
26.332218170166016
71.99810791015625
0.0
0.0
50.9984130859375
8.368688583374023
63.29685974121094
4.04447078704834
77.88471984863281
0.0
0.0
0.0
33.519859313964844
62.584014892578125
89.00033569335938
12.753377914428711
95.87962341308594
0.0
0.0
0.0
0.0
0.0
77.93183898925781
0.0
0.0
0.0
0.0
0.0
0.0
0.0
0.0
0.0
28.977161407470703
195.71096801757812
126.05389404296875
0.0
15.91023063659668
0.0
20.684558868408203
51.88018798828125
66.12184143066406
0.0
0.0
0.0
0.0
0.0
149.755859375
10.865453720092773
0.0
0.0
0.0
0.0
0.0
0.0
0.0
0.0
