0.0
0.0
0.0
0.0
0.0
0.0
0.0
0.0
0.0
0.0
97.45591735839844
27.709766387939453
0.0
0.0
0.0
88.35255432128906
0.0
98.81932067871094
414.8436279296875
287.01824951171875
159.40228271484375
47.20695495605469
0.0
170.6280517578125
31.272174835205078
186.83236694335938
294.4891357421875
136.54364013671875
154.3101806640625
210.93206787109375
165.43499755859375
349.18951416015625
34.534637451171875
336.5767822265625
321.2818603515625
33.02143859863281
0.0
195.33184814453125
244.844482421875
472.87261962890625
7.460257530212402
173.61831665039062
201.50857543945312
121.30442810058594
19.857913970947266
185.426025390625
140.32772827148438
340.39306640625
31.77804946899414
176.85760498046875
296.8873291015625
305.31585693359375
254.50997924804688
331.02532958984375
129.9478759765625
236.26742553710938
61.82469177246094
346.06707763671875
360.24432373046875
189.62216186523438
147.7679443359375
259.7965087890625
176.585693359375
388.47943115234375
