0.0
0.0
0.0
0.0
0.0
0.0
0.0
3.832294464111328
0.0
0.0
0.0
0.0
0.0
0.0
0.0
41.84361267089844
0.0
0.0
130.34515380859375
0.0
0.0
0.0
0.0
94.32014465332031
0.0
112.69581604003906
193.70556640625
0.0
0.0
0.0
0.0
245.241455078125
0.0
84.35591125488281
0.0
0.0
0.0
0.0
8.421039581298828
318.88311767578125
0.0
0.0
16.509357452392578
0.0
0.0
15.417957305908203
0.0
284.5003662109375
0.0
105.43293762207031
160.81585693359375
23.919513702392578
0.0
44.91831970214844
12.336109161376953
259.5560302734375
0.0
56.74778747558594
32.54173278808594
0.0
0.0
0.0
0.0
144.95584106445312
