59.612335205078125
4.022532939910889
17.55609130859375
34.671844482421875
39.63311767578125
9.313966751098633
0.0
29.89788818359375
19.894920349121094
20.162155151367188
19.03252410888672
13.211420059204102
9.978742599487305
10.159353256225586
39.019752502441406
66.61909484863281
43.46875
9.022783279418945
16.008852005004883
33.31318664550781
49.98045349121094
0.0
0.0
41.70941162109375
27.9193115234375
29.238555908203125
29.122833251953125
21.39165496826172
17.878860473632812
17.459503173828125
54.92323303222656
91.38899230957031
69.23458862304688
55.511932373046875
63.91375732421875
98.43505859375
149.33743286132812
40.9417724609375
0.0
115.9168701171875
85.47317504882812
87.82080078125
87.22723388671875
74.4815673828125
67.32325744628906
66.79226684570312
105.9281005859375
140.6910400390625
66.487060546875
57.62451171875
78.5223388671875
117.98678588867188
150.57107543945312
22.060043334960938
0.0
128.90817260742188
87.7569580078125
84.75927734375
96.14511108398438
88.4595947265625
81.36407470703125
80.62774658203125
124.39886474609375
161.04940795898438
80.69473266601562
84.19137573242188
119.38937377929688
137.9715576171875
74.6597900390625
0.0
0.0
117.22845458984375
77.914306640625
79.23696899414062
97.14340209960938
88.0032958984375
83.70474243164062
81.70135498046875
135.55767822265625
182.68206787109375
79.9169921875
86.25106811523438
142.46026611328125
185.10977172851562
16.626800537109375
0.0
0.0
0.0
12.288667678833008
102.953125
79.77432250976562
79.2071533203125
88.71685791015625
89.17617797851562
147.00735473632812
206.588623046875
74.21078491210938
83.50311279296875
116.70712280273438
205.0224609375
9.619405746459961
0.0
0.0
0.0
0.0
42.2520751953125
29.537322998046875
39.11505126953125
49.58319091796875
100.51068115234375
159.01242065429688
210.0467529296875
60.358062744140625
52.389312744140625
58.62396240234375
160.84725952148438
65.29084777832031
0.0
26.973464965820312
1.481311321258545
0.0
36.489990234375
16.972900390625
25.570343017578125
29.187957763671875
103.48583984375
146.96200561523438
162.72998046875
14.281435012817383
32.110198974609375
51.63787841796875
108.19088745117188
70.58737182617188
0.0
16.872753143310547
70.34638977050781
0.0
35.592132568359375
56.59307861328125
1.8598055839538574
0.0
59.39337158203125
84.82232666015625
79.3538818359375
0.0
0.0
0.0
0.0
61.07904052734375
0.0
0.0
75.9437255859375
0.0
0.0
0.0
0.0
0.0
52.654815673828125
70.73431396484375
2.9850878715515137
58.31744384765625
81.95608520507812
91.066650390625
96.43312072753906
115.50828552246094
28.38702392578125
0.0
113.3751220703125
34.15406799316406
110.05865478515625
153.25106811523438
0.0
10.042741775512695
165.6417236328125
143.4112548828125
2.0100865364074707
64.19842529296875
42.94415283203125
53.39207458496094
68.43301391601562
105.3031005859375
40.63093566894531
0.0
110.16598510742188
28.6627197265625
101.677978515625
165.98672485351562
0.0
0.0
142.0550537109375
143.37619018554688
18.504104614257812
22.39080810546875
11.50956916809082
17.543914794921875
40.090606689453125
63.96624755859375
0.0
0.0
0.0
0.0
29.056915283203125
144.5196533203125
0.0
0.0
83.52569580078125
124.69354248046875
31.82685089111328
24.2708740234375
33.10382080078125
3.2875094413757324
0.0
42.5618896484375
0.0
0.0
0.0
0.0
3.3664278984069824
89.69000244140625
0.0
0.0
68.392333984375
98.22921752929688
26.57561492919922
18.321136474609375
33.16993713378906
30.733596801757812
38.96092224121094
59.60893249511719
0.0
0.0
0.0
0.0
0.0
55.25154113769531
0.0
0.0
23.59417724609375
66.20034790039062
25.528549194335938
0.0
0.0
0.0
0.0
3.15767240524292
0.0
0.0
0.0
0.0
0.0
0.0
0.0
0.0
0.0
0.0
0.0
