0.0
62.45500183105469
61.21027374267578
67.22899627685547
71.32467651367188
70.2661361694336
74.58183288574219
79.79141998291016
82.92414855957031
86.01834106445312
85.44812774658203
82.19668579101562
83.40474700927734
86.20626068115234
91.59622192382812
93.96988677978516
88.52159118652344
84.6376724243164
85.51862335205078
87.61156463623047
83.6614761352539
79.45050811767578
79.0413589477539
76.06047821044922
74.97691345214844
74.6962661743164
72.02300262451172
68.8733139038086
68.11465454101562
68.5179672241211
66.3966064453125
143.31983947753906
0.0
118.78193664550781
115.77803039550781
119.82379150390625
127.34710693359375
130.94664001464844
138.3921356201172
149.60826110839844
154.77352905273438
161.67520141601562
164.43829345703125
149.13829040527344
141.65310668945312
152.4823455810547
162.54867553710938
163.66741943359375
155.76840209960938
150.3865203857422
150.34716796875
150.10824584960938
144.24546813964844
141.20457458496094
139.13734436035156
133.11302185058594
129.8526153564453
128.02525329589844
123.5474853515625
119.94049072265625
118.53378295898438
117.77885437011719
115.33834838867188
198.5569610595703
0.0
126.04908752441406
122.34571838378906
122.53631591796875
130.09664916992188
138.7772216796875
148.95834350585938
162.10694885253906
169.5740966796875
191.65475463867188
197.83871459960938
155.24038696289062
122.4427490234375
143.96620178222656
172.8489990234375
175.49285888671875
166.74977111816406
161.41119384765625
160.96673583984375
159.27066040039062
157.6255645751953
156.76092529296875
151.05938720703125
142.07997131347656
138.4566650390625
136.50828552246094
132.5633087158203
129.51693725585938
128.11236572265625
128.04666137695312
126.70819091796875
216.58010864257812
0.0
136.31747436523438
133.44021606445312
133.42770385742188
140.91024780273438
154.01577758789062
168.00955200195312
174.24996948242188
184.3164520263672
217.55224609375
212.04656982421875
165.36224365234375
125.08552551269531
126.08216857910156
175.34092712402344
185.6254119873047
177.82521057128906
173.5302734375
172.13160705566406
170.38644409179688
169.66014099121094
169.6859130859375
161.0995635986328
150.34193420410156
146.7185516357422
144.07240295410156
142.18035888671875
140.609130859375
137.99990844726562
137.21832275390625
136.8831787109375
234.78045654296875
0.0
152.4691925048828
151.7909393310547
155.1039276123047
162.6391143798828
174.40074157714844
186.0732421875
187.60125732421875
207.92440795898438
235.05880737304688
188.27337646484375
169.89480590820312
155.77362060546875
110.90824890136719
169.83624267578125
199.29324340820312
190.69476318359375
188.472900390625
187.39791870117188
185.28016662597656
182.0608673095703
178.9791717529297
170.6544647216797
159.79086303710938
157.05300903320312
154.8000030517578
153.7734375
153.7138214111328
150.28982543945312
147.57566833496094
146.3881072998047
252.01007080078125
0.0
174.5280303955078
176.4679718017578
180.90576171875
186.97830200195312
193.60263061523438
199.51055908203125
197.33206176757812
225.04598999023438
266.4694519042969
202.30078125
166.5317840576172
144.46395874023438
77.10648345947266
161.01248168945312
214.44284057617188
205.64682006835938
204.56573486328125
202.92062377929688
200.28671264648438
195.3623504638672
189.25440979003906
180.03610229492188
170.5704803466797
170.1387481689453
168.81979370117188
166.95834350585938
166.72398376464844
162.60377502441406
157.82167053222656
154.43621826171875
266.3439025878906
0.0
191.53005981445312
193.30728149414062
197.107177734375
202.28277587890625
204.62957763671875
206.06277465820312
205.60833740234375
224.46255493164062
299.0206298828125
270.8863525390625
159.15496826171875
86.76836395263672
37.95852279663086
149.4019317626953
227.6192626953125
217.58349609375
215.34866333007812
216.38214111328125
217.75277709960938
211.40151977539062
201.79464721679688
192.3387908935547
184.44989013671875
183.24217224121094
180.58201599121094
179.08172607421875
179.50039672851562
173.4512481689453
166.34182739257812
162.19017028808594
281.31414794921875
0.0
197.185546875
199.32266235351562
202.9810791015625
206.98916625976562
209.07461547851562
212.52969360351562
214.36834716796875
225.60952758789062
317.4835205078125
304.4512023925781
114.22950744628906
54.11896896362305
72.82621002197266
151.22520446777344
237.53912353515625
232.30526733398438
225.68310546875
222.86129760742188
225.59237670898438
224.14865112304688
215.29794311523438
205.53555297851562
197.49642944335938
194.45339965820312
189.4036407470703
189.10806274414062
192.26516723632812
185.7840576171875
176.698974609375
170.9685821533203
297.7919006347656
0.0
199.7333984375
203.117431640625
206.81600952148438
210.71914672851562
214.5584716796875
219.46798706054688
233.8494873046875
270.77056884765625
351.2163391113281
289.9080810546875
47.02804946899414
0.0
73.82038116455078
153.80101013183594
241.46209716796875
246.80328369140625
239.30926513671875
228.1396484375
227.2860107421875
229.91409301757812
226.66824340820312
218.53851318359375
211.93191528320312
209.96945190429688
204.22845458984375
201.43157958984375
204.0640869140625
198.35479736328125
187.7017364501953
180.782470703125
315.1963195800781
0.0
204.92572021484375
210.06396484375
214.74911499023438
219.6590576171875
224.8350830078125
249.78427124023438
304.7129821777344
333.7724914550781
313.3381042480469
207.13726806640625
39.01335144042969
0.0
0.0
126.011962890625
251.1341552734375
258.3909912109375
249.56600952148438
230.566650390625
231.74594116210938
237.91802978515625
235.94412231445312
231.00762939453125
227.12802124023438
225.55953979492188
220.3427734375
214.74032592773438
212.78961181640625
205.74246215820312
195.7904052734375
188.2803497314453
331.65234375
0.0
215.21041870117188
219.7327880859375
226.4671630859375
230.92025756835938
245.28054809570312
334.10821533203125
396.31640625
298.1792907714844
176.03753662109375
86.67684936523438
23.327817916870117
0.0
0.0
96.18534851074219
223.87704467773438
210.31033325195312
239.6168212890625
241.8045654296875
240.34857177734375
248.43057250976562
247.16754150390625
243.59912109375
241.48492431640625
236.6478271484375
230.79214477539062
225.29718017578125
219.41531372070312
211.01995849609375
201.59707641601562
195.48092651367188
347.6308898925781
0.0
224.18475341796875
227.94723510742188
237.07855224609375
240.77780151367188
274.4894104003906
423.40692138671875
420.0440673828125
172.34555053710938
54.761962890625
31.23953628540039
19.734004974365234
0.0
0.0
102.43533325195312
134.3109130859375
60.90302276611328
164.29042053222656
245.75653076171875
249.44219970703125
260.1347351074219
255.71868896484375
249.57421875
246.5970458984375
241.14471435546875
235.55740356445312
230.809326171875
223.663818359375
215.51803588867188
208.77896118164062
204.69424438476562
365.5582275390625
0.0
224.68002319335938
230.5638427734375
241.82907104492188
248.7589111328125
284.1160888671875
443.14007568359375
411.82354736328125
119.12159729003906
21.494644165039062
25.375478744506836
23.005401611328125
9.182587623596191
20.227191925048828
92.79647827148438
60.571624755859375
0.0
35.2944450378418
181.29917907714844
250.07302856445312
270.19708251953125
265.1581726074219
258.65887451171875
253.82717895507812
250.11050415039062
244.94235229492188
238.61227416992188
230.18603515625
221.78555297851562
217.33615112304688
213.94198608398438
384.65740966796875
0.0
216.11370849609375
225.602783203125
240.69915771484375
252.79721069335938
275.41607666015625
395.49365234375
418.39471435546875
183.81130981445312
34.07963562011719
23.329784393310547
20.888286590576172
22.045480728149414
28.428401947021484
43.86589050292969
22.086132049560547
0.0
0.0
87.95103454589844
183.5141143798828
212.6080322265625
222.22552490234375
234.80453491210938
245.911376953125
251.09835815429688
251.40838623046875
244.339599609375
238.77313232421875
230.3651123046875
228.72161865234375
228.41574096679688
406.4468994140625
0.0
215.242431640625
232.1334228515625
257.23248291015625
283.5447082519531
301.68157958984375
332.6026306152344
310.8190002441406
154.68641662597656
36.956302642822266
23.544172286987305
15.26773452758789
32.6015510559082
35.01725387573242
22.799013137817383
18.694284439086914
14.03683853149414
6.7881317138671875
54.53434753417969
150.94363403320312
163.20840454101562
166.76364135742188
190.16915893554688
169.7017059326172
158.6222381591797
170.96546936035156
204.67132568359375
232.171630859375
242.60629272460938
240.02658081054688
237.14657592773438
423.06298828125
0.0
228.78076171875
253.2464599609375
280.922607421875
315.45623779296875
310.8529052734375
259.3725280761719
193.43624877929688
92.11357116699219
30.078510284423828
21.713388442993164
18.441144943237305
34.66807556152344
41.03527069091797
28.53893280029297
22.360910415649414
14.000919342041016
0.0
0.0
145.29225158691406
177.22341918945312
182.36830139160156
234.25857543945312
135.92391967773438
92.53860473632812
123.65437316894531
201.0921173095703
248.31539916992188
300.9115295410156
240.1253662109375
161.21487426757812
406.5537109375
0.0
228.8544921875
247.75845336914062
257.1640930175781
267.65093994140625
249.82510375976562
185.7357177734375
189.71133422851562
199.7781982421875
95.44125366210938
15.431924819946289
24.271839141845703
18.177568435668945
24.187082290649414
51.01215362548828
45.99604797363281
16.866029739379883
0.0
0.0
93.31671905517578
164.03480529785156
156.33584594726562
207.69964599609375
145.0802459716797
127.46951293945312
164.63499450683594
225.80014038085938
271.38568115234375
367.1429443359375
247.11053466796875
52.32814025878906
348.857421875
0.0
195.92648315429688
203.75027465820312
196.55422973632812
189.0655517578125
173.5394744873047
149.59439086914062
225.31222534179688
309.0068054199219
161.48948669433594
35.84109878540039
52.57727813720703
0.0
0.0
103.40785217285156
122.59934997558594
37.8766975402832
0.0
0.0
140.65716552734375
226.08551025390625
216.65130615234375
209.15191650390625
195.23065185546875
210.10919189453125
231.63922119140625
239.77688598632812
259.0623474121094
346.478759765625
258.0472412109375
32.034297943115234
250.05853271484375
0.0
151.75631713867188
166.265869140625
164.5525665283203
169.93124389648438
166.43505859375
161.73570251464844
210.03814697265625
233.94534301757812
115.00567626953125
73.75653076171875
113.93438720703125
0.0
0.0
146.1063690185547
186.43008422851562
75.44287109375
15.299320220947266
70.43885040283203
187.10928344726562
275.022216796875
272.78375244140625
208.12530517578125
174.69171142578125
205.23931884765625
233.88864135742188
219.98391723632812
219.77142333984375
269.0671691894531
251.75320434570312
78.53880310058594
150.5391387939453
0.0
96.33079528808594
110.03897094726562
113.51222229003906
120.48704528808594
121.48564147949219
128.1414337158203
141.92483520507812
115.64529418945312
57.84247589111328
86.90641784667969
122.39598083496094
14.543556213378906
12.8038330078125
155.1956024169922
180.74456787109375
112.038818359375
62.489845275878906
113.17268371582031
189.19000244140625
264.0379943847656
256.1178283691406
139.39035034179688
75.12226104736328
121.24711608886719
181.42709350585938
173.849609375
172.78057861328125
201.42813110351562
195.55224609375
79.891357421875
86.51490783691406
0.0
50.144569396972656
53.052528381347656
55.99346160888672
59.629722595214844
63.47515106201172
71.26978302001953
76.75431823730469
68.3615493774414
80.57767486572266
128.09637451171875
100.08708190917969
18.199134826660156
57.826171875
135.18519592285156
161.7576446533203
143.26268005371094
69.54403686523438
90.68672180175781
162.259033203125
230.89031982421875
220.48291015625
85.95201110839844
20.525554656982422
44.310909271240234
90.98519897460938
125.22743225097656
151.89349365234375
184.92303466796875
155.21888732910156
53.995948791503906
53.402442932128906
0.0
54.37737274169922
55.06669616699219
54.34405517578125
61.178428649902344
71.1318588256836
80.20700073242188
81.55091857910156
62.36029052734375
100.37867736816406
186.69253540039062
100.29164123535156
0.0
19.26572036743164
112.41702270507812
164.8359375
168.3094482421875
25.540462493896484
44.83842849731445
158.79835510253906
247.02359008789062
269.4436340332031
95.32969665527344
5.77877950668335
0.0
0.0
79.15229797363281
170.39515686035156
212.9654541015625
156.23318481445312
43.163368225097656
40.73667526245117
0.0
92.4959487915039
94.3743896484375
89.58392333984375
100.76806640625
119.92295837402344
134.4642333984375
150.64096069335938
128.93084716796875
136.71139526367188
236.15737915039062
142.37405395507812
0.0
13.055782318115234
149.93359375
207.88531494140625
200.30972290039062
28.566852569580078
71.43354797363281
203.12115478515625
305.58636474609375
358.50445556640625
137.2598419189453
10.713385581970215
0.0
0.0
70.79126739501953
210.91964721679688
247.25213623046875
218.39111328125
93.17189025878906
55.369354248046875
0.0
148.4159393310547
157.36195373535156
153.05934143066406
161.9283447265625
179.5108184814453
190.25564575195312
201.63287353515625
186.88998413085938
194.15325927734375
287.0240478515625
202.759033203125
0.0
40.1276969909668
199.633056640625
246.597412109375
205.6400146484375
68.09403991699219
138.43431091308594
254.40841674804688
354.02471923828125
385.547607421875
146.75942993164062
6.822710037231445
0.0
0.0
87.2084732055664
220.49215698242188
240.28668212890625
266.5449523925781
148.70095825195312
81.81961059570312
0.0
178.19723510742188
184.554931640625
183.94998168945312
193.00900268554688
203.00509643554688
205.6925048828125
208.14517211914062
206.137939453125
220.17425537109375
275.6808166503906
203.16439819335938
19.644245147705078
55.81903839111328
182.22109985351562
224.3642578125
171.75506591796875
78.5032958984375
133.4474334716797
230.42034912109375
317.3783874511719
307.85333251953125
141.5492401123047
29.072391510009766
0.0
8.83438491821289
120.91340637207031
217.95361328125
250.5064697265625
288.6676025390625
149.3306884765625
80.48726654052734
0.0
177.10366821289062
180.9520263671875
183.96221923828125
195.81982421875
204.12405395507812
192.13400268554688
207.21658325195312
269.6116943359375
263.7669982910156
199.75509643554688
126.82087707519531
41.94050598144531
58.39183044433594
129.9514617919922
167.11782836914062
128.2578582763672
70.80899810791016
84.07380676269531
165.36207580566406
249.75765991210938
222.95663452148438
135.5768585205078
69.680419921875
33.118961334228516
45.12199020385742
119.19142150878906
203.441162109375
233.56216430664062
267.220947265625
153.06167602539062
84.33659362792969
0.0
158.05364990234375
165.39620971679688
176.0911865234375
195.61581420898438
200.40597534179688
169.9595489501953
199.70571899414062
294.03045654296875
242.47540283203125
112.05572509765625
63.503753662109375
40.89989471435547
44.15161895751953
73.74168395996094
89.95533752441406
67.1822738647461
25.237152099609375
13.890819549560547
111.02061462402344
224.06961059570312
221.39022827148438
145.83448791503906
84.90213775634766
36.035072326660156
0.0
76.48731231689453
179.49118041992188
203.34091186523438
216.0418701171875
139.47015380859375
83.55670166015625
0.0
151.75978088378906
164.9886474609375
183.5479736328125
200.79226684570312
183.32015991210938
137.05279541015625
162.6616973876953
214.14498901367188
132.0248260498047
36.5633430480957
21.712905883789062
17.72364044189453
23.685474395751953
37.33921813964844
37.67327117919922
28.594436645507812
0.0
0.0
71.96759033203125
190.73941040039062
195.90069580078125
117.03067016601562
43.21388244628906
0.0
0.0
50.54863739013672
158.7385711669922
197.7891845703125
186.85009765625
101.52352905273438
60.586158752441406
0.0
145.84263610839844
162.95069885253906
193.12326049804688
200.5888671875
159.3337860107422
118.84465026855469
121.17436218261719
114.55657958984375
54.063438415527344
18.739253997802734
16.32740020751953
14.427644729614258
17.733421325683594
21.851699829101562
18.767091751098633
16.344371795654297
0.0
0.0
51.997413635253906
132.60166931152344
141.99742126464844
70.5263442993164
0.0
0.0
0.0
71.18228912353516
150.79010009765625
175.33734130859375
144.13790893554688
61.475196838378906
37.270904541015625
0.0
136.2077178955078
142.5104522705078
161.99659729003906
162.01876831054688
135.8931427001953
121.43231201171875
116.21047973632812
91.13986206054688
41.31435012817383
15.412439346313477
15.49575424194336
14.908512115478516
16.2022705078125
16.475807189941406
14.724634170532227
8.276061058044434
0.0
0.0
36.601741790771484
104.18878173828125
132.60183715820312
54.447303771972656
0.0
0.0
28.03514862060547
94.04808807373047
133.83584594726562
147.8954620361328
125.61302185058594
85.02398681640625
68.06401062011719
0.0
129.80958557128906
127.57048034667969
128.99537658691406
124.71847534179688
117.7149658203125
114.09231567382812
132.84735107421875
143.7421112060547
69.80843353271484
11.082953453063965
13.902494430541992
13.49128532409668
13.662557601928711
13.797855377197266
15.198003768920898
0.0
0.0
0.0
33.2076530456543
84.33448028564453
112.54106140136719
66.81488037109375
15.659748077392578
26.27132797241211
63.42547607421875
71.83670806884766
95.94528198242188
144.26368713378906
159.64927673339844
159.69712829589844
175.7301788330078
0.0
87.79104614257812
86.19967651367188
86.28459167480469
87.50526428222656
85.52226257324219
79.15206146240234
90.64115905761719
100.15434265136719
48.69818115234375
6.933415412902832
8.94784164428711
8.843742370605469
8.843742370605469
9.187305450439453
9.474384307861328
0.0
0.0
0.0
40.265045166015625
61.89305114746094
61.69957733154297
45.72845458984375
39.62143325805664
58.10441589355469
53.79312515258789
42.619300842285156
62.40985107421875
100.32476806640625
114.70741271972656
113.00764465332031
123.49594116210938
