0.0
0.0
0.0
0.0
0.0
0.0
0.0
0.0
0.0
0.0
0.0
0.0
0.0
0.0
0.0
17.635650634765625
0.0
0.0
0.0
0.0
0.0
0.0
0.0
0.0
0.0
0.0
0.0
0.0
0.0
0.0
0.0
35.797149658203125
0.0
0.0
0.0
0.0
0.026962295174598694
63.802772521972656
0.0
0.0
0.0
0.0
0.0
0.0
0.0
0.0
0.0
63.323158264160156
0.0
0.0
0.0
0.0
12.654350280761719
69.30003356933594
0.0
0.0
0.0
0.0
0.0
0.0
0.0
0.0
0.0
72.62506103515625
0.0
0.0
0.0
20.23729705810547
76.13328552246094
56.23314666748047
0.0
0.0
0.0
0.0
0.0
1.7067184448242188
0.0
0.2320098876953125
0.0
81.57723999023438
0.0
0.0
0.0
60.885169982910156
130.83221435546875
56.579734802246094
0.0
0.0
0.0
0.0
0.0
0.0
0.0
0.37798309326171875
0.0
91.04359436035156
0.0
0.0
0.0
68.02133178710938
151.03082275390625
59.43138885498047
0.0
0.0
0.0
0.0
0.0
0.0
0.0
0.0
0.0
104.13432312011719
0.0
0.0
0.0
38.708396911621094
126.39007568359375
54.705177307128906
0.0
0.0
0.0
0.0
0.0
0.0
0.0
0.0
8.048057556152344
94.12467956542969
0.0
0.0
0.0
0.0
94.0589599609375
0.0
0.0
0.0
0.0
0.0
0.0
0.0
0.0
0.0
5.042976379394531
92.18815612792969
0.0
0.0
0.0
0.0
10.981842041015625
33.6121826171875
0.0
0.0
0.0
0.0
0.0
0.0
0.0
0.0
37.709449768066406
104.22450256347656
0.0
0.0
0.0
0.0
10.593269348144531
22.498863220214844
0.0
0.0
0.0
0.0
37.80921173095703
53.36205291748047
0.0
0.0
57.98786163330078
100.06285095214844
0.0
0.0
0.0
0.0
0.0
37.75902557373047
0.0
0.0
0.0
0.0
57.916343688964844
31.575828552246094
0.0
0.0
57.151344299316406
101.25892639160156
0.0
0.0
0.0
0.0
14.038566589355469
77.4462890625
0.0
0.0
0.0
0.0
26.582054138183594
79.24038696289062
0.0
0.0
54.18779754638672
105.10226440429688
0.0
0.0
9.007102966308594
2.6148757934570312
16.783096313476562
39.84966278076172
0.0
0.0
0.0
0.0
23.979209899902344
44.588890075683594
0.0
0.0
55.766075134277344
99.20680236816406
0.0
0.0
0.0
0.0
62.22797393798828
59.73424530029297
0.0
0.0
0.0
0.0
0.0
0.0
0.0
0.0
0.0
71.66571044921875
0.0
0.0
0.0
0.0
6.541202545166016
9.063739776611328
0.0
0.0
0.0
0.0
0.0
0.0
0.0
0.0
0.0
6.800893783569336
