123.40467834472656
106.32133483886719
159.39056396484375
96.58065795898438
90.77629089355469
66.34489440917969
79.41397094726562
26.956226348876953
150.08447265625
149.78118896484375
263.60015869140625
128.32022094726562
135.25057983398438
132.33346557617188
125.25979614257812
84.09394836425781
172.125244140625
170.71218872070312
354.44183349609375
161.4141845703125
149.90625
167.91259765625
172.63906860351562
173.998046875
99.83537292480469
173.302490234375
261.648681640625
110.18724060058594
125.81938171386719
137.76776123046875
85.13482666015625
178.60317993164062
101.19989013671875
223.97988891601562
219.98727416992188
129.26016235351562
68.07630920410156
251.73403930664062
34.17228698730469
249.22027587890625
97.50981140136719
109.32389831542969
136.38540649414062
140.68582153320312
58.745880126953125
256.3309326171875
36.28492736816406
202.89138793945312
58.23237609863281
87.53877258300781
131.23477172851562
136.71005249023438
57.6917724609375
198.34939575195312
0.0
122.55427551269531
55.09733581542969
95.78378295898438
39.03936767578125
45.06268310546875
34.67219543457031
96.7119140625
0.0
77.61248779296875
