0.0
87.63221740722656
134.33102416992188
119.23065185546875
95.13774108886719
93.83787536621094
118.78709411621094
138.37283325195312
0.0
175.086181640625
281.0606689453125
150.10745239257812
117.52137756347656
157.31076049804688
201.1673583984375
197.92056274414062
0.0
184.79229736328125
429.91351318359375
143.47076416015625
68.43032836914062
154.4083251953125
259.11285400390625
263.3817138671875
0.0
210.41357421875
302.6900634765625
52.72618103027344
0.0
79.72221374511719
187.99099731445312
298.4573974609375
0.0
147.86184692382812
227.31951904296875
72.78482055664062
0.0
91.84912109375
88.385009765625
290.61212158203125
0.0
81.0147705078125
121.04966735839844
162.88827514648438
44.578125
178.997314453125
189.37692260742188
187.26229858398438
0.0
56.33711242675781
122.76124572753906
39.6871337890625
0.0
127.20805358886719
80.51226806640625
176.765869140625
0.0
3.3373279571533203
21.8831787109375
0.0
0.0
0.0
0.0
83.70143127441406
