103.66984558105469
175.52786254882812
224.62515258789062
239.9678955078125
199.34365844726562
165.29351806640625
158.607177734375
68.53080749511719
128.87136840820312
318.96368408203125
395.27020263671875
453.13531494140625
354.21484375
307.3721923828125
278.77581787109375
147.34042358398438
154.19961547851562
358.87664794921875
479.88226318359375
483.85821533203125
357.40350341796875
328.9132080078125
314.1282958984375
184.42056274414062
227.44378662109375
482.5592041015625
585.0174560546875
528.811767578125
439.73089599609375
437.41143798828125
412.5506591796875
262.447998046875
260.504638671875
476.6334228515625
445.241943359375
411.44195556640625
438.44683837890625
551.988037109375
508.14886474609375
364.6002197265625
258.5653076171875
469.31732177734375
390.99237060546875
377.05035400390625
387.94384765625
501.27392578125
512.8555908203125
377.4393310546875
216.121337890625
408.76947021484375
389.78753662109375
428.41363525390625
406.1982421875
426.5355224609375
436.90216064453125
258.77398681640625
191.05609130859375
387.966552734375
343.73236083984375
344.8262939453125
323.14666748046875
332.81268310546875
314.5853271484375
222.96261596679688
