0.0
0.0
0.0
0.0
0.0
0.0
0.0
0.0
0.0
0.0
0.0
0.0
0.0
0.0
0.0
38.684295654296875
0.0
126.59454345703125
135.76913452148438
145.51980590820312
185.8055419921875
208.82223510742188
163.050537109375
152.63674926757812
164.51422119140625
157.43453979492188
154.8031005859375
143.1536865234375
128.39352416992188
121.15438842773438
96.42498779296875
193.1712646484375
0.0
64.07511901855469
79.4237060546875
74.0712890625
104.20364379882812
146.441650390625
88.36314392089844
57.4705810546875
93.99349975585938
95.20388793945312
98.45895385742188
92.10659790039062
77.12127685546875
78.16558837890625
54.92063903808594
186.31588745117188
0.0
99.30984497070312
86.64456176757812
94.14498901367188
190.27621459960938
189.21826171875
71.25204467773438
42.0504150390625
112.45892333984375
111.61581420898438
104.28451538085938
99.50003051757812
92.53477478027344
98.98741149902344
69.20649719238281
212.6728515625
0.0
96.19735717773438
87.10812377929688
179.91326904296875
362.62310791015625
225.73898315429688
48.98218536376953
77.693359375
128.1104736328125
117.04849243164062
119.67166137695312
119.2562255859375
115.8173828125
119.80056762695312
79.67337036132812
232.15966796875
0.0
106.69424438476562
129.75540161132812
283.417724609375
419.2894287109375
186.22238159179688
105.23316955566406
165.34188842773438
149.59542846679688
108.20745849609375
136.21603393554688
136.11276245117188
132.66033935546875
129.69686889648438
81.4361572265625
251.92333984375
0.0
142.3431396484375
233.00701904296875
345.0108642578125
285.72052001953125
42.210304260253906
82.24853515625
156.40713500976562
147.79220581054688
169.08340454101562
214.5408935546875
201.59823608398438
152.8084716796875
107.67703247070312
84.41253662109375
289.68328857421875
0.0
206.29830932617188
291.28546142578125
256.2020263671875
144.44830322265625
20.184768676757812
0.0
0.0
19.335609436035156
74.31626892089844
172.70660400390625
160.65896606445312
127.60372924804688
142.33544921875
149.01278686523438
356.7056884765625
0.0
255.17498779296875
272.02392578125
263.9434814453125
171.22589111328125
66.96234130859375
0.0
0.0
0.0
0.0
146.8062744140625
164.44613647460938
195.32476806640625
273.80108642578125
284.12078857421875
407.30975341796875
50.550743103027344
270.22454833984375
287.916748046875
267.51715087890625
167.25970458984375
8.279426574707031
7.812713623046875
0.0
37.57135009765625
151.85430908203125
315.84539794921875
311.65179443359375
254.40496826171875
255.43963623046875
260.44635009765625
336.50592041015625
0.0
41.9241943359375
53.56944274902344
86.77130126953125
77.5604248046875
64.05433654785156
91.38261413574219
61.33625793457031
42.96165466308594
64.71902465820312
185.48394775390625
228.2783203125
75.79315185546875
87.03842163085938
155.05618286132812
214.77841186523438
0.0
10.477920532226562
22.722213745117188
26.980606079101562
74.10382080078125
80.30221557617188
78.06057739257812
65.00767517089844
80.34992980957031
92.66824340820312
200.08621215820312
147.76779174804688
0.0
31.08624267578125
168.610107421875
184.720703125
0.0
160.05337524414062
179.192626953125
196.68765258789062
276.38360595703125
255.25643920898438
228.12225341796875
240.92495727539062
216.7310791015625
216.96560668945312
269.0465087890625
113.03268432617188
26.673988342285156
139.20925903320312
244.23690795898438
222.308349609375
0.0
167.55081176757812
224.5484619140625
277.2940673828125
297.7589111328125
238.32302856445312
171.68682861328125
179.21798706054688
145.19793701171875
181.3094482421875
270.71990966796875
168.79925537109375
96.35546875
152.65704345703125
242.94082641601562
209.0875244140625
0.0
183.57366943359375
194.53237915039062
198.2449951171875
177.26193237304688
96.88064575195312
51.54137420654297
47.82212829589844
27.010150909423828
72.13037109375
137.27719116210938
46.350013732910156
0.0
77.00248718261719
118.564453125
116.11544799804688
90.34849548339844
238.33123779296875
212.26620483398438
181.87966918945312
125.75161743164062
62.277183532714844
25.657283782958984
19.405391693115234
30.980915069580078
110.370849609375
150.88897705078125
108.69132995605469
142.4373779296875
199.6282958984375
217.35595703125
153.18838500976562
