81.94851684570312
93.37289428710938
97.091552734375
99.16636657714844
100.46719360351562
102.29244995117188
104.82630920410156
107.65269470214844
109.80192565917969
111.57586669921875
109.85028076171875
111.26840209960938
113.791748046875
114.2071533203125
112.13421630859375
105.69610595703125
100.44856262207031
98.38203430175781
97.46603393554688
93.93757629394531
90.14822387695312
87.74119567871094
84.66044616699219
82.03648376464844
78.66281127929688
75.65458679199219
73.66700744628906
72.79222106933594
70.78773498535156
66.872314453125
62.95591735839844
61.2049560546875
122.23069763183594
116.14088439941406
122.18099975585938
127.463623046875
131.02685546875
135.710205078125
139.28103637695312
142.933349609375
145.3800048828125
147.50942993164062
145.271484375
143.78106689453125
148.56210327148438
149.34625244140625
146.01290893554688
137.66213989257812
130.43661499023438
127.66366577148438
126.192626953125
122.09878540039062
116.95405578613281
114.87667846679688
110.1021728515625
105.35682678222656
101.81205749511719
96.76341247558594
95.15562438964844
95.42289733886719
93.31405639648438
88.21669006347656
82.54267883300781
73.60740661621094
130.95297241210938
124.65956115722656
130.2918701171875
135.878173828125
144.27273559570312
154.35446166992188
162.22311401367188
163.76693725585938
165.48452758789062
167.65130615234375
158.61154174804688
150.94546508789062
154.72085571289062
160.44338989257812
157.74710083007812
150.6387939453125
145.17535400390625
141.3970947265625
138.3756103515625
133.38946533203125
128.06842041015625
124.422607421875
117.87522888183594
114.05670166015625
109.93597412109375
105.07673645019531
104.1622314453125
104.40969848632812
102.44967651367188
97.88075256347656
91.42500305175781
81.44798278808594
147.92938232421875
142.55496215820312
147.65472412109375
155.37606811523438
164.53289794921875
175.81796264648438
183.85736083984375
184.10757446289062
186.44497680664062
180.4970703125
153.373291015625
146.4322509765625
150.90151977539062
169.21719360351562
170.71109008789062
165.98489379882812
161.04080200195312
157.453125
153.10736083984375
147.24099731445312
142.14682006835938
134.82049560546875
127.58706665039062
123.64454650878906
119.48370361328125
115.25823974609375
114.59750366210938
115.392822265625
112.40594482421875
108.62025451660156
101.72392272949219
91.34429931640625
171.2044677734375
171.6693115234375
178.64126586914062
185.6739501953125
192.42718505859375
197.4254150390625
200.0784912109375
198.22659301757812
203.84161376953125
187.55331420898438
157.41720581054688
163.35641479492188
154.62503051757812
176.06292724609375
184.12332153320312
178.95376586914062
177.935791015625
173.046875
167.32437133789062
160.829833984375
152.45513916015625
143.63558959960938
135.96209716796875
132.32479858398438
128.50128173828125
124.63235473632812
124.404052734375
124.47610473632812
122.2760009765625
118.08338928222656
111.9774169921875
101.20327758789062
197.12615966796875
202.71356201171875
208.31881713867188
213.35107421875
214.43045043945312
212.08901977539062
209.26409912109375
208.06057739257812
209.17523193359375
195.00942993164062
172.3836669921875
185.19357299804688
156.61135864257812
182.6468505859375
198.23983764648438
194.28732299804688
193.37173461914062
188.64443969726562
181.7249755859375
173.62078857421875
165.30633544921875
153.62112426757812
145.69390869140625
143.613037109375
140.8948974609375
137.285888671875
137.1885986328125
136.93240356445312
132.32241821289062
127.16830444335938
119.66122436523438
109.32644653320312
212.920166015625
218.26486206054688
220.21441650390625
221.4364013671875
220.20703125
215.57583618164062
211.71331787109375
212.78369140625
210.80020141601562
198.11798095703125
155.30264282226562
154.11468505859375
135.58935546875
182.46514892578125
216.7576904296875
209.40463256835938
209.363525390625
206.29562377929688
200.70669555664062
194.19357299804688
184.35162353515625
171.76251220703125
162.81350708007812
160.80526733398438
157.41085815429688
153.72140502929688
152.31341552734375
148.9918212890625
142.06179809570312
135.22781372070312
125.93728637695312
116.57269287109375
214.19430541992188
211.81863403320312
212.10629272460938
212.28494262695312
212.8035888671875
212.3172607421875
211.80413818359375
214.09695434570312
217.02413940429688
201.6192626953125
118.7037353515625
94.31201171875
118.92066955566406
176.37298583984375
222.61788940429688
217.20892333984375
218.20452880859375
217.78555297851562
215.62628173828125
209.37139892578125
200.81515502929688
190.01983642578125
178.98440551757812
175.77923583984375
172.0645751953125
169.0362548828125
166.60394287109375
161.37045288085938
152.43511962890625
143.61434936523438
134.062744140625
124.53863525390625
209.22744750976562
201.83477783203125
203.52691650390625
205.0469970703125
208.00930786132812
211.95880126953125
213.99090576171875
218.6878662109375
231.44754028320312
214.2403564453125
123.81976318359375
109.40077209472656
156.99859619140625
194.6998291015625
227.72732543945312
218.28189086914062
215.3367919921875
213.07989501953125
212.79605102539062
212.11947631835938
208.24005126953125
200.2337646484375
191.17568969726562
188.1566162109375
185.66220092773438
183.70602416992188
181.654052734375
174.74252319335938
164.00430297851562
154.07696533203125
142.56558227539062
134.44293212890625
216.63375854492188
207.97039794921875
210.11920166015625
210.8983154296875
213.41641235351562
217.50396728515625
230.80474853515625
240.32244873046875
225.07595825195312
167.25860595703125
70.84663391113281
69.43238067626953
126.10127258300781
170.6614990234375
228.73562622070312
220.65570068359375
215.76251220703125
211.30142211914062
214.25665283203125
218.14910888671875
216.25845336914062
212.78005981445312
208.3720703125
205.8328857421875
200.97650146484375
197.39559936523438
193.68389892578125
184.95440673828125
173.48385620117188
163.809814453125
154.46197509765625
146.13458251953125
227.4244384765625
219.65109252929688
221.44265747070312
222.32608032226562
222.84555053710938
228.976806640625
247.30084228515625
204.26925659179688
132.46859741210938
65.25
15.29901123046875
27.151758193969727
78.46395874023438
157.20819091796875
238.07150268554688
225.43692016601562
219.1373291015625
211.73666381835938
212.81646728515625
218.93527221679688
218.97171020507812
217.22525024414062
214.63748168945312
211.01510620117188
204.992431640625
200.26821899414062
196.38226318359375
188.93460083007812
179.63604736328125
172.35116577148438
164.79534912109375
159.09149169921875
233.07449340820312
225.26528930664062
227.61825561523438
228.86135864257812
229.5816650390625
238.13351440429688
225.91452026367188
110.60577392578125
36.78471374511719
18.8170166015625
15.929473876953125
20.094745635986328
50.086387634277344
139.01339721679688
206.23797607421875
181.94717407226562
196.92922973632812
214.29080200195312
212.53195190429688
220.45843505859375
220.56060791015625
220.1612548828125
218.1025390625
214.26962280273438
208.67434692382812
204.23202514648438
199.72055053710938
193.40933227539062
187.48748779296875
181.34637451171875
174.74740600585938
171.3316650390625
237.42852783203125
225.536865234375
228.50009155273438
230.82125854492188
234.04034423828125
234.82183837890625
195.22845458984375
52.66374206542969
11.187965393066406
21.892608642578125
16.30541229248047
18.14508056640625
29.49260711669922
74.01094818115234
94.19842529296875
86.4113998413086
151.5684051513672
204.8406982421875
222.38812255859375
226.51336669921875
223.25473022460938
223.3189697265625
221.04031372070312
216.27493286132812
213.28018188476562
209.70919799804688
202.82159423828125
200.76577758789062
199.50534057617188
193.20233154296875
185.64810180664062
184.90298461914062
240.37423706054688
227.27215576171875
231.18295288085938
234.73065185546875
236.9228515625
237.73373413085938
192.8790283203125
66.55117797851562
18.647075653076172
20.62969207763672
13.994668960571289
17.163864135742188
20.573162078857422
29.535003662109375
27.96310806274414
31.45861053466797
102.19622039794922
177.94049072265625
226.56637573242188
245.34597778320312
240.646484375
237.34521484375
233.80618286132812
227.23333740234375
224.5047607421875
217.91094970703125
213.22256469726562
212.271484375
213.32302856445312
207.79531860351562
198.44732666015625
200.78375244140625
237.8260498046875
231.47250366210938
240.17657470703125
250.91070556640625
258.6643371582031
263.1422119140625
230.43267822265625
110.85440063476562
37.894187927246094
25.615882873535156
17.636009216308594
20.53122329711914
25.97643280029297
20.21210479736328
15.236698150634766
14.742883682250977
42.002838134765625
86.00715637207031
140.5063934326172
176.14276123046875
188.43133544921875
224.4774169921875
234.22628784179688
238.35891723632812
232.24713134765625
227.40121459960938
222.87985229492188
223.92709350585938
226.5068359375
220.88241577148438
212.62881469726562
216.8343505859375
239.91455078125
241.39385986328125
246.3427734375
244.25265502929688
227.45663452148438
178.18475341796875
123.41729736328125
48.74491882324219
11.640079498291016
23.38991928100586
25.167308807373047
30.59749984741211
32.11112976074219
26.82140350341797
19.81603240966797
21.057228088378906
20.987607955932617
13.120983123779297
66.24540710449219
88.96841430664062
67.58976745605469
104.82147216796875
91.02473449707031
100.72148132324219
125.72732543945312
172.003662109375
202.89276123046875
228.30599975585938
247.48611450195312
211.14083862304688
218.00381469726562
229.84295654296875
239.98541259765625
232.9345703125
219.02749633789062
192.7230224609375
150.77420043945312
88.2677001953125
43.11700439453125
38.71864318847656
27.331695556640625
17.767269134521484
24.557281494140625
26.793373107910156
24.59453582763672
27.161930084228516
30.12348175048828
21.154739379882812
17.65371322631836
33.691612243652344
129.2548065185547
168.39398193359375
141.00827026367188
151.46926879882812
110.85308837890625
114.92640686035156
158.16488647460938
209.6689453125
229.2470703125
239.25717163085938
224.9560546875
147.73599243164062
185.44161987304688
234.38568115234375
238.5732421875
239.15765380859375
231.51788330078125
227.14108276367188
221.26397705078125
200.81976318359375
191.95077514648438
177.85330200195312
100.56881713867188
20.32376480102539
28.029315948486328
18.833755493164062
7.20859432220459
43.761268615722656
56.31434631347656
28.988677978515625
14.730735778808594
40.285484313964844
149.02471923828125
202.04190063476562
199.87020874023438
229.36514282226562
213.97268676757812
232.3165283203125
246.1527099609375
253.52294921875
243.49929809570312
237.545654296875
195.59127807617188
108.34489440917969
154.2496795654297
224.39544677734375
196.0806884765625
208.6890869140625
213.53326416015625
221.25881958007812
227.30374145507812
227.36932373046875
238.77957153320312
225.528076171875
131.41818237304688
60.446807861328125
83.79084777832031
54.670936584472656
47.46558380126953
136.89874267578125
156.8382568359375
117.08917236328125
94.12522888183594
124.57781982421875
206.44207763671875
251.86465454101562
250.85675048828125
236.5059814453125
230.1126708984375
231.25479125976562
240.39483642578125
239.67184448242188
239.4432373046875
236.35562133789062
202.0823974609375
107.70967102050781
116.7003173828125
166.83694458007812
107.6043701171875
115.53453063964844
118.26728820800781
121.36871337890625
121.49887084960938
127.59677124023438
142.0325927734375
151.970458984375
123.33053588867188
119.22325134277344
144.43038940429688
96.47122192382812
96.60688781738281
194.2242431640625
213.00613403320312
175.1109619140625
159.1448974609375
181.44586181640625
224.0150146484375
243.24386596679688
224.1644287109375
165.14617919921875
141.99557495117188
162.77508544921875
199.04257202148438
208.78680419921875
211.10940551757812
207.65750122070312
187.11599731445312
97.73992919921875
56.91603088378906
96.23513793945312
46.31358337402344
45.837242126464844
45.43391418457031
48.23432159423828
51.896141052246094
53.77995300292969
58.42278289794922
61.786231994628906
62.467796325683594
76.68659973144531
91.51953125
48.76409912109375
47.582054138183594
113.15151977539062
114.346923828125
107.33297729492188
85.66065979003906
94.48265075683594
128.69903564453125
146.22186279296875
144.59603881835938
73.75749206542969
50.82256317138672
83.06732177734375
116.60111999511719
132.99948120117188
139.48162841796875
139.0067138671875
129.77059936523438
62.9993896484375
22.91876983642578
45.57408905029297
45.471580505371094
37.914817810058594
40.545875549316406
45.10248565673828
49.250389099121094
53.01078796386719
57.70094299316406
61.04710388183594
63.50553894042969
82.50857543945312
77.758056640625
26.675403594970703
34.44147491455078
92.22396850585938
103.24681091308594
118.94830322265625
77.19355773925781
70.99217224121094
121.84848022460938
135.80645751953125
145.01223754882812
64.81098937988281
26.886302947998047
49.010475158691406
63.9674072265625
106.09255981445312
140.65313720703125
144.21151733398438
123.31900024414062
53.91339874267578
20.49420166015625
22.64779281616211
112.71273803710938
119.83230590820312
126.03085327148438
133.16329956054688
144.77999877929688
150.06500244140625
151.69097900390625
154.24322509765625
155.60256958007812
168.4188232421875
141.90460205078125
68.71516418457031
97.28752136230469
182.37820434570312
196.62521362304688
204.75717163085938
139.13433837890625
138.56375122070312
207.43017578125
210.41342163085938
206.256103515625
91.85556030273438
21.401721954345703
28.833724975585938
30.34588623046875
114.69906616210938
176.21481323242188
164.89447021484375
126.26544189453125
49.004425048828125
10.361513137817383
22.393909454345703
178.53863525390625
191.39739990234375
196.87057495117188
208.37161254882812
218.81976318359375
222.23236083984375
223.68304443359375
213.83685302734375
200.3614501953125
206.6773681640625
171.6103515625
86.0048828125
125.53128051757812
218.0076904296875
228.81814575195312
228.62710571289062
161.823486328125
181.05654907226562
246.57452392578125
242.44790649414062
230.26171875
91.817138671875
8.756721496582031
6.781530380249023
19.611404418945312
128.91317749023438
209.73931884765625
201.3372802734375
178.92083740234375
102.42196655273438
36.366920471191406
41.40509796142578
209.011474609375
221.11575317382812
223.03973388671875
227.77435302734375
231.01620483398438
228.7001953125
229.44464111328125
227.55258178710938
224.12924194335938
226.16885375976562
188.066650390625
94.89358520507812
127.91242980957031
215.75311279296875
235.22189331054688
230.61862182617188
184.3128662109375
209.79769897460938
256.86083984375
255.01205444335938
221.30355834960938
91.49752807617188
25.74121856689453
26.986495971679688
60.65118408203125
154.08901977539062
219.17605590820312
214.74713134765625
217.01849365234375
137.47378540039062
51.826499938964844
60.619903564453125
203.16708374023438
207.2110595703125
207.94195556640625
212.89321899414062
215.18038940429688
210.5068359375
209.78448486328125
220.96527099609375
222.48074340820312
195.17645263671875
155.92477416992188
91.75727844238281
109.1036376953125
168.3021240234375
182.83172607421875
171.44140625
143.09674072265625
163.9508056640625
205.57772827148438
225.57748413085938
205.74197387695312
133.85214233398438
106.3779296875
110.14729309082031
124.40760803222656
162.38641357421875
198.35769653320312
187.46096801757812
183.5009765625
110.56106567382812
36.52251434326172
53.013450622558594
187.89544677734375
194.5328369140625
201.529541015625
211.40249633789062
212.37860107421875
201.9246826171875
200.27139282226562
212.21322631835938
172.50741577148438
93.94277954101562
59.93379211425781
32.652488708496094
41.130271911621094
76.1083984375
96.279296875
90.76197814941406
78.02601623535156
89.98188781738281
135.35194396972656
179.6893310546875
165.79928588867188
127.2919921875
91.79544067382812
79.37886047363281
82.75753784179688
115.99874877929688
168.01885986328125
167.67608642578125
168.69012451171875
112.09963989257812
49.34893798828125
48.97027587890625
172.90542602539062
182.91189575195312
190.296630859375
200.0540771484375
195.134521484375
173.71432495117188
170.3858642578125
173.84707641601562
110.77354431152344
33.88739776611328
23.911457061767578
19.342548370361328
15.633237838745117
30.057952880859375
43.196189880371094
42.17640686035156
42.070945739746094
53.361572265625
107.41444396972656
160.72235107421875
138.84323120117188
87.13638305664062
37.036102294921875
21.014240264892578
27.117069244384766
90.03315734863281
149.80026245117188
152.88302612304688
150.83392333984375
98.47163391113281
39.692604064941406
31.373001098632812
156.3800048828125
156.84832763671875
155.77841186523438
151.72314453125
125.97085571289062
95.71522521972656
91.19549560546875
89.65495300292969
46.4051513671875
12.39944839477539
17.962142944335938
15.712766647338867
11.431360244750977
16.743465423583984
19.316272735595703
19.828842163085938
20.07486343383789
28.739898681640625
78.30230712890625
120.46279907226562
109.86846923828125
62.49629211425781
22.388469696044922
14.479103088378906
19.242626190185547
81.19789123535156
124.52360534667969
120.35302734375
102.77212524414062
52.32167053222656
16.288585662841797
18.28478240966797
153.338134765625
153.85745239257812
148.5535888671875
133.21279907226562
99.18673706054688
69.19578552246094
56.96751403808594
47.73504638671875
24.119529724121094
11.06212043762207
13.912069320678711
11.358810424804688
11.101081848144531
11.536853790283203
10.145442962646484
11.755887985229492
11.744258880615234
12.921426773071289
42.28988265991211
65.74002075195312
70.85383605957031
39.244041442871094
9.205211639404297
13.555538177490234
39.39952850341797
76.93719482421875
99.09278869628906
86.89949035644531
56.679290771484375
20.170211791992188
8.367374420166016
12.794559478759766
151.25765991210938
152.04647827148438
150.53713989257812
144.95901489257812
129.4876708984375
111.83624267578125
90.92872619628906
74.96812438964844
41.0418701171875
12.083805084228516
10.430154800415039
10.103527069091797
10.020483016967773
10.393621444702148
9.395242691040039
9.03543472290039
6.411643028259277
16.509981155395508
52.29167175292969
79.25236511230469
83.56398010253906
39.33794403076172
7.565971374511719
28.811691284179688
60.52629089355469
71.67160034179688
81.46685791015625
89.378173828125
76.99308776855469
50.91691589355469
31.78955841064453
28.740066528320312
131.99447631835938
145.58956909179688
146.40985107421875
148.07080078125
146.55722045898438
142.12783813476562
135.88815307617188
116.50999450683594
65.33935546875
20.646976470947266
12.424785614013672
12.171058654785156
12.444414138793945
12.444414138793945
11.608711242675781
10.752233505249023
17.584190368652344
49.889617919921875
97.90669250488281
125.12867736816406
136.28472900390625
116.40016174316406
103.71182250976562
108.757568359375
107.94136047363281
97.6805419921875
122.01377868652344
174.40133666992188
193.41571044921875
171.04287719726562
132.04159545898438
73.87045288085938
