0.0
0.0
0.0
0.0
0.0
0.0
0.0
0.0
0.0
0.0
0.0
0.0
0.0
0.0
0.0
0.0
0.0
76.48220825195312
70.59986877441406
58.782997131347656
86.98307800292969
144.66336059570312
95.33915710449219
67.25967407226562
92.51432800292969
82.8759765625
77.77265930175781
72.28056335449219
60.44745635986328
49.320213317871094
31.85198974609375
45.889137268066406
0.0
99.97955322265625
101.55709838867188
83.77615356445312
75.23191833496094
227.59832763671875
131.65081787109375
51.105224609375
118.59117126464844
110.881591796875
106.10922241210938
99.15806579589844
83.0198974609375
73.24540710449219
55.169090270996094
57.284996032714844
0.0
111.04402160644531
90.62977600097656
93.41911315917969
97.26640319824219
272.23370361328125
134.654541015625
14.271568298339844
131.29269409179688
129.07052612304688
120.56649780273438
117.08551025390625
106.53085327148438
99.15386962890625
76.487548828125
74.18052673339844
0.0
103.30775451660156
58.800743103027344
109.40437316894531
217.04263305664062
277.386474609375
88.20625305175781
0.0
114.78956604003906
114.69276428222656
120.33183288574219
130.06307983398438
124.26808166503906
121.95747375488281
92.19754028320312
84.96922302246094
0.0
105.87513732910156
56.73224639892578
161.59378051757812
326.20684814453125
225.08624267578125
59.834571838378906
47.50585174560547
70.46514892578125
58.955223083496094
111.29374694824219
128.36331176757812
131.69863891601562
136.83926391601562
102.01594543457031
94.27830505371094
0.0
113.65591430664062
131.10888671875
203.30389404296875
308.51910400390625
128.69354248046875
53.33155059814453
64.83511352539062
32.24530792236328
17.3525390625
108.25810241699219
169.90939331054688
124.54118347167969
92.14125061035156
117.88468933105469
116.02033996582031
0.0
132.62338256835938
173.40969848632812
110.83941650390625
214.75616455078125
164.19375610351562
27.33496856689453
57.27760314941406
70.26519775390625
0.3364119529724121
98.35324096679688
126.79600524902344
104.54701232910156
63.70458221435547
169.12387084960938
164.84426879882812
0.0
155.491943359375
144.7884521484375
129.3194580078125
128.75631713867188
193.60137939453125
0.0
6.538201332092285
50.829124450683594
0.0
91.91474914550781
152.48245239257812
131.3363037109375
123.49186706542969
232.1226806640625
179.41848754882812
6.273838996887207
111.07330322265625
101.86244201660156
118.6444091796875
88.64141845703125
147.43869018554688
47.292152404785156
0.0
90.13877868652344
12.361404418945312
122.49105834960938
212.04962158203125
137.63287353515625
149.489990234375
241.69622802734375
204.54129028320312
45.497535705566406
97.43672180175781
93.33236694335938
108.38919067382812
33.74579620361328
154.15896606445312
99.60595703125
12.702987670898438
127.75238037109375
63.854454040527344
149.60787963867188
318.84820556640625
93.06887817382812
48.89874267578125
151.60006713867188
202.01751708984375
0.0
55.93414306640625
58.285423278808594
52.48651123046875
79.09208679199219
185.79510498046875
133.86810302734375
23.15576934814453
115.63400268554688
51.142005920410156
153.54269409179688
293.30438232421875
5.304078102111816
0.0
125.34927368164062
190.41030883789062
0.0
108.66929626464844
125.67361450195312
97.58412170410156
161.6978759765625
196.5853271484375
170.13665771484375
73.08808898925781
152.72079467773438
82.45623779296875
126.82475280761719
234.87814331054688
56.420005798339844
0.0
123.67337036132812
197.169189453125
0.0
96.73544311523438
144.04232788085938
153.32684326171875
164.38104248046875
197.78189086914062
120.57774353027344
74.3780517578125
118.14788818359375
52.199073791503906
92.55848693847656
185.44741821289062
68.81340026855469
7.289029121398926
136.1456298828125
166.86947631835938
0.0
113.1849365234375
141.74716186523438
137.13015747070312
143.09072875976562
127.06204223632812
44.71653747558594
52.988609313964844
54.745216369628906
28.66830825805664
76.20628356933594
121.10369873046875
34.15172576904297
2.2092947959899902
53.055152893066406
92.09518432617188
0.0
78.77500915527344
76.79530334472656
70.38848876953125
53.351966857910156
58.935768127441406
7.122471809387207
5.5835723876953125
0.0
0.0
0.0
2.326341152191162
0.0
0.0
0.0
30.196975708007812
