145.22318
151.86577
78.88501
69.13975
121.60375
334.1224
472.47906
305.79013
115.16064
67.69668
99.95965
102.943214
98.16742
81.333534
76.40734
0.0
187.8754
200.41817
124.56698
111.34704
194.79556
453.08725
573.4269
385.8309
255.6885
117.11842
119.94974
140.90189
149.79605
153.28406
142.17996
14.492434
153.25534
127.39538
96.57551
133.20372
195.16895
540.0015
523.60077
273.72147
256.3203
123.795906
74.87873
87.73501
138.27136
146.56572
153.15244
33.174606
95.35968
99.09284
109.908104
157.52771
237.26218
566.2267
474.6889
329.72543
247.07942
76.14959
53.279167
65.87255
108.756584
124.44276
141.17818
49.646343
63.592762
87.54148
105.57946
149.89078
362.27396
560.27325
473.96432
463.1245
216.56447
42.731987
91.62582
82.459496
81.82345
96.27161
147.18333
55.412823
47.037003
80.83283
85.28737
206.91199
454.48987
578.43945
583.7274
514.8805
243.08679
105.49843
110.22175
83.2324
70.80613
88.269806
133.7159
30.644957
52.234127
93.63778
92.50781
294.2208
456.67773
561.3212
644.64435
552.9966
273.46005
117.13822
87.61413
81.49204
91.767654
93.18322
108.60284
37.6592
53.938244
97.94974
131.51639
363.4092
381.7734
458.5447
549.61743
531.168
361.39056
268.02017
87.148094
66.08454
104.02842
88.86016
85.18803
37.509506
60.828976
84.60553
159.88904
376.9278
377.80515
426.69537
577.32635
492.8979
456.54077
312.9072
111.2438
104.93343
115.032486
92.59736
96.55866
38.11946
166.26822
160.28273
161.63063
336.85822
367.41434
523.9844
551.7949
494.53497
601.81775
369.18915
224.52551
121.09529
109.62145
109.88525
124.451836
33.875248
235.25734
262.88083
218.63046
321.85394
440.93634
610.1622
627.38165
593.42474
632.2518
377.29086
265.7032
155.88934
161.71031
124.79403
150.0755
24.778131
263.5666
369.04675
357.75812
443.99115
458.05408
511.85687
629.61896
671.1206
641.497
409.78607
365.93445
301.04227
241.04614
125.94726
214.9879
43.20725
270.03387
433.56717
495.28323
534.7236
518.9488
568.71326
594.24646
675.531
674.46594
550.61896
586.56744
468.81973
366.03427
213.38554
302.5147
83.27376
247.21616
460.21954
563.9777
619.1743
607.9824
639.7091
619.57916
667.0148
695.18585
659.52985
687.09326
611.6676
504.88165
399.10406
361.99377
108.10125
282.3573
560.9744
649.5928
706.7762
693.2351
694.01447
698.0878
733.75995
753.4439
775.4669
810.8996
751.74994
564.42456
537.36163
479.0117
163.31516
168.50726
382.3166
423.69144
498.3708
495.0678
491.56003
505.95926
506.13715
516.50665
548.306
545.7994
509.9764
440.9832
417.88837
309.83575
233.8537
