49.77843
56.921246
57.088287
48.620693
40.20248
42.160362
41.637547
46.738956
40.69652
32.4449
27.471039
27.39771
16.304316
2.7937539
2.8039973
0.0
0.0
14.4233885
22.601068
31.429861
43.153828
51.62017
51.10603
41.03185
30.209934
23.12947
19.795486
20.710014
21.132883
20.544222
20.284767
0.0
0.0
0.0
0.0
0.0
0.0
0.0
0.0
0.0
0.0
0.0
0.0
24.659588
51.249718
75.916405
100.07918
61.988136
31.534393
4.757975
0.0
0.0
0.0
0.0
0.0
0.0
0.0
0.0
0.0
0.0
0.0
0.0
0.0
0.0
0.0
0.0
0.0
0.0
0.0
0.0
0.0
0.0
8.291577
10.9294195
4.316235
25.797792
41.450294
65.07922
71.47137
61.56846
60.68424
28.257168
13.397538
13.279483
7.6936526
0.09518641
0.0
0.0
0.0
0.0
0.0
0.0
0.0
0.0
0.0
0.0
0.0
0.0
0.0
0.0
0.0
0.0
0.0
0.0
2.0515394
6.913064
4.578786
0.0
8.382398
29.141039
26.693377
32.67992
40.52726
5.799792
0.0
4.209348
1.7148188
3.6799295
0.0
0.0
0.0
0.0
0.0
0.0
0.0
0.0
0.0
0.0
0.0
0.0
0.0
0.0
0.0
2.491052
7.170042
0.0
7.768447
4.282284
5.1747475
0.0
0.0
1.5184968
9.376193
48.506374
41.627506
6.5288415
0.0
0.0
0.0
0.0
0.0
0.0
0.0
0.0
0.0
0.0
0.0
0.0
0.0
0.0
0.0
0.0
0.0
0.0
0.0
0.0
4.557703
9.149583
10.141716
0.0
0.0
0.0
0.0
0.0
5.14483
42.826077
29.258345
17.279003
2.3729596
0.0
4.6398654
10.538748
13.623225
11.523949
5.3170815
0.0
0.0
0.0
0.0
0.0
0.0
0.0
0.0
0.0
0.0
0.0
0.0
0.0
0.0
11.36032
10.306596
4.2284474
0.0
0.0
0.0
0.0
8.274014
15.466381
0.0
11.026028
5.16495
0.0
0.0
0.0
0.0
11.2028675
13.252846
6.7055345
0.0
0.0
0.0
0.0
0.0
0.0
0.0
0.0
0.0
0.0
0.0
0.0
4.008621
0.0
0.0
4.3967686
6.8974442
12.517816
0.0
0.0
24.702803
9.730224
0.0
0.0
0.0
3.1043332
0.0
0.0
0.0
0.0
1.2596576
4.9592066
4.1903257
0.0
0.0
0.0
0.0
0.0
0.0
0.0
0.0
0.0
2.8947628
7.231753
7.2099714
15.8068
17.574318
21.35412
42.349667
35.465805
0.0
20.77114
37.692013
39.11472
25.567324
9.355175
14.533258
3.2423842
3.982908
2.428998
0.0
0.0
0.0
0.0
0.77028674
0.0
0.0
0.0
0.0
0.0
0.0
0.0
0.0
0.0
4.8950524
11.397971
0.0
0.0
1.5341938
0.0
19.970861
0.0
0.0
45.732647
34.814392
25.720572
26.23904
41.767605
33.16951
16.907618
7.6076937
0.77147144
7.0686865
1.4068575
2.8054187
7.9393826
12.538946
11.4781685
2.7359984
0.0
0.0
0.0
0.0
0.0
0.0
0.0
0.0
1.0309105
0.0
0.0
0.0
3.4943335
14.26719
0.0
7.470706
54.70099
45.46464
0.0
0.0
0.0
0.0
5.827627
0.0
0.0
10.462428
7.421101
5.776878
0.0
4.3077497
9.091431
6.241655
0.0
0.0
0.0
0.0
8.717531
9.781888
0.9055838
0.0
0.0
0.0
0.0
1.0816343
37.682755
19.658047
17.695393
19.836823
34.05529
86.773285
51.439255
10.438775
0.0
0.0
0.0
2.1130376
2.5118427
4.0304575
5.8416567
4.4331365
0.0
0.0
5.3691587
10.578163
15.799539
22.644218
3.355962
0.0
0.0
12.249982
7.095548
2.1900506
0.42118973
0.62388295
1.0517766
15.612037
0.28933257
0.0
16.985264
15.978011
11.770461
46.300667
67.142204
30.276102
7.8340855
0.0
0.0
0.0
3.6832314
0.46897286
2.7112138
6.778756
8.82697
4.2088213
4.377799
0.20569152
0.0
0.0
0.0
0.0
0.0
0.0
1.0536206
2.1688278
0.0
0.0
11.113845
26.00006
0.0
14.0622225
20.725498
22.068802
16.880957
19.344227
48.261623
39.72886
28.122467
8.781077
0.06475848
0.0
8.63134
5.16284
5.919184
6.1727605
6.2003317
7.083227
3.924538
3.1171677
0.0
0.0
0.0
0.0
0.0
0.0
2.6952446
10.500537
5.902425
5.3244743
8.852184
7.917782
0.0
29.442139
53.91077
59.707367
62.49093
42.12179
38.648937
39.678066
39.81441
15.3329935
0.8835048
0.6621887
0.0
1.4689013
2.583468
0.0
2.273518
6.59455
7.294236
12.455918
8.08216
0.0
0.0
0.0
1.799577
11.066706
4.0631943
0.7883274
6.2845345
0.0
0.003424827
0.0
0.0
0.0
0.0
0.0
0.0
34.253883
25.879042
23.788507
19.789164
4.932334
0.0
0.0
0.0
0.0
0.0
2.288961
0.0
0.0
0.74140733
0.0
0.8605638
0.0
0.0
0.0
0.0
0.93932074
0.0
0.0
11.507291
13.521305
26.53475
0.0
0.0
0.0
0.0
0.0
0.0
0.0
1.1861374
28.27342
20.799362
0.0
0.0
0.0
4.260506
7.4352713
4.023457
9.380981
4.618775
1.1702921
0.0
0.0
0.0
0.0
0.0
0.0
0.0
6.193004
10.654602
7.3796105
2.5540526
10.334387
28.425232
3.406871
7.602416
8.071954
3.2922142
20.499767
0.0
0.0
0.0
17.738474
43.057465
63.905396
20.453562
34.246025
20.52539
15.876419
14.259559
3.7478535
7.2369623
14.774089
7.3005733
5.5724115
0.48014945
0.0
0.0
0.0
0.0
0.4471783
0.0
3.7438788
0.0
0.0
4.793419
29.110415
45.712967
16.79056
0.0
0.0
18.04502
0.0
10.873141
33.018932
39.768147
41.60539
15.00031
29.569265
0.0
3.6153438
6.7802715
8.924056
10.645906
5.515209
7.1046486
9.127323
9.35982
10.294855
0.0
0.0
0.0
0.0
0.0
0.0
0.0
4.7572684
0.0
0.42831725
45.421303
63.67147
36.913746
26.806227
36.76296
32.092804
54.17093
61.562763
50.705723
10.509955
4.2638235
19.028238
13.249809
2.9679668
6.8497267
5.949533
10.667103
0.0
0.0
0.0
2.958624
15.691318
0.0
6.167535
20.733839
0.0
0.0
0.0
0.0
7.4135666
3.2726538
0.0
28.742216
42.964394
27.95733
11.657426
0.0
0.0
11.840588
35.249264
45.628403
29.445433
52.846806
40.84475
10.679919
0.0
0.0
0.0
0.0
0.0
0.07971281
0.0
0.0
5.204955
0.0
16.62565
58.71773
40.55422
19.151758
0.0
0.0
0.0
0.0
0.0
10.459142
36.564835
50.330223
45.791664
15.938821
0.0
0.0
19.171904
20.591957
7.5752106
35.25166
26.744696
7.621895
0.0
0.0
0.0
0.0
0.0
0.0
4.741418
5.012352
11.134993
0.0
4.2099123
42.535908
52.0171
40.17297
10.266757
0.0
0.0
0.0
0.0
0.0
6.5377493
37.63266
47.67035
35.961197
35.78253
42.247086
40.905483
12.355353
0.0
1.7729857
21.914171
17.958868
6.329734
11.48075
17.278772
11.5191145
0.0
0.0
0.0
5.355976
11.768112
0.0
0.0
20.897982
34.371227
44.753605
33.25527
11.188748
0.0
0.0
0.0
0.0
0.0
9.215026
21.517302
15.375964
8.834214
4.5755014
0.0
5.1354856
12.747697
7.5709124
26.030249
15.010594
3.6680934
0.0
0.0
2.485255
12.65162
5.777365
5.456565
6.064431
0.0
0.0
0.0
12.197465
4.2097015
15.93524
22.102327
25.843279
24.875896
17.035208
1.8569949
0.0
0.0
0.0
0.0
0.0
3.7562497
12.11683
7.7351923
18.009428
20.185661
11.420218
9.965732
0.0
0.0
0.0
1.6552346
16.089598
16.734636
16.354822
15.487677
6.301223
0.0
0.0
0.0
2.7839205
0.8368313
9.352628
21.463976
47.729275
48.87509
33.26738
21.789658
5.717146
0.0
0.0
0.0
0.0
19.097364
31.825468
23.033447
20.396414
15.433166
26.071863
27.292194
19.526037
44.443268
39.744106
50.735107
37.834526
3.064109
3.3625658
0.44195622
0.7549049
0.0
1.2286389
0.0
1.0790808
10.757174
19.362452
26.996786
40.003567
35.34369
34.195095
28.633274
23.541939
3.3768828
0.0
0.0
0.0
0.0
0.0
8.121398
23.826324
39.729908
73.97261
73.65697
70.860016
54.564823
57.60032
57.154514
47.927006
22.79022
17.346535
12.057485
0.0
0.0
9.009538
0.0
0.0
0.0
0.0
0.0
12.140208
18.618021
28.31953
28.691849
45.417366
57.576664
51.156963
10.294131
8.107726
22.465265
26.944223
30.184704
31.231308
38.280106
57.971443
72.548164
61.65287
37.18795
39.81929
40.182472
35.380737
30.296198
33.05873
20.840506
0.0
5.084032
10.277192
0.0
0.0
0.0
0.0
0.0
0.0
8.966647
16.828424
22.90513
16.553247
42.390274
54.793755
27.868473
9.78852
18.712992
18.016378
19.655258
20.598953
20.425379
24.331263
26.41387
22.048141
20.052267
23.947235
30.365925
17.572407
20.64938
36.249718
4.2124805
3.0928261
17.723656
11.503663
0.0
0.0
0.059374038
6.782118
0.0
4.3339777
13.560592
11.199689
18.473133
14.095181
12.25397
29.289274
19.364918
10.868882
7.922677
7.8290606
15.388289
19.146957
19.523746
19.84172
17.285091
17.347555
19.789827
25.160019
29.143726
19.966852
41.10452
32.890022
8.493982
14.939946
11.675362
6.1773615
0.0
0.0
0.0
0.76091117
0.0
17.378735
28.36618
23.447174
15.882781
16.76131
21.392628
15.1846075
12.818683
13.440412
8.484241
5.829299
12.151885
16.762846
17.150846
14.214263
14.810536
17.746944
20.337917
24.534388
26.050432
32.942253
51.49103
24.063274
20.70596
20.058208
16.328913
10.03589
11.412396
49.01981
66.969376
80.54205
101.26334
116.874374
125.82637
124.6882
116.78989
114.26715
113.770935
98.3124
90.95887
97.12404
97.95386
93.192184
96.47174
98.36572
97.92774
100.18513
107.207596
115.67372
122.98645
127.417694
122.276726
116.87295
98.05089
84.13696
91.47578
93.776566
92.19171
91.81224
