0.0
0.0
36.257286
54.203873
23.286263
0.0
0.0
0.0
149.17628
134.34615
0.0
0.0
21.462835
26.78251
22.998972
38.77635
0.0
37.022087
110.373695
126.09002
40.742344
12.960932
0.0
0.0
246.03632
197.16339
0.3990474
2.1139646
41.60435
46.32119
48.08599
77.48043
0.0
33.2651
140.12521
88.649284
21.075188
0.0
0.0
105.64716
317.49155
126.61603
28.13537
8.848873
17.009403
34.59548
36.853012
62.545742
0.0
49.96542
128.56223
34.02713
22.861036
0.0
0.0
184.01181
310.14575
42.648052
66.005455
26.258362
0.0
17.39818
21.797173
37.508987
0.75514126
53.81611
55.59679
55.011024
0.0
0.0
0.0
78.85671
234.73181
101.47319
88.315544
10.626441
0.0
2.791152
24.256575
11.459724
0.0
40.851654
26.913734
57.080345
0.0
0.0
22.669168
5.5143943
207.0541
185.30675
73.92012
0.0
11.157326
21.124393
17.222368
0.0
0.0
26.551777
17.066824
24.760029
0.0
0.0
67.724174
0.0
149.55579
256.2672
50.941097
0.0
14.1628065
20.34868
6.84525
17.371527
0.0
23.07224
21.749813
0.0
0.0
62.575905
165.41483
0.0
135.61066
181.7957
43.912483
48.71978
20.51504
19.479095
14.807835
34.530968
0.0
55.693966
42.18821
0.0
0.0
172.68457
175.95169
0.0
58.253853
66.27726
89.01651
133.14622
0.32858613
34.935387
25.088667
24.08225
0.0
38.203205
86.190125
55.689632
0.0
48.962784
88.91116
0.0
7.1192565
33.836834
158.72758
218.02388
12.815394
37.066437
24.35842
6.9173656
0.0
33.59046
121.036545
101.831726
0.0
0.0
70.96876
42.590755
79.62632
69.598335
209.40752
250.64542
0.0
2.8820205
30.09921
16.646994
0.0
89.85738
139.02907
74.76047
0.0
61.515533
97.762146
53.640945
80.89482
86.33819
222.69553
151.16528
0.0
13.535323
57.7851
17.961641
0.0
143.70807
54.760075
1.6534705
11.299688
97.25622
129.78807
43.919964
90.67854
72.862724
99.79916
24.438023
0.0
123.08146
96.68877
0.0
0.0
118.24275
8.327669
0.0
32.488777
89.187874
130.6474
49.38215
66.23226
75.63305
43.134438
29.817335
40.692078
171.9462
129.14995
0.0
0.0
92.53063
11.428286
0.0
59.809074
73.73772
104.86508
67.900154
57.00179
100.24098
92.78383
60.62684
100.127686
153.7456
92.479164
3.1708655
0.0
4.526994
0.0
0.32081178
61.368
64.3038
77.0233
65.42788
53.794075
68.73194
62.64432
58.29857
89.30006
108.91419
95.18612
3.3424697
