0.0
102.32149
74.63437
61.424984
419.47968
188.80399
0.0
22.616959
0.0
65.77898
24.724024
101.40532
545.9898
193.04826
2.2746134
2.9774036
0.0
34.487946
50.27341
181.41446
422.1171
279.15042
24.706919
14.779179
0.0
29.72967
0.0
258.83487
316.6732
337.71365
94.160995
25.421822
0.0
169.27911
33.213833
189.47757
223.49133
384.41245
218.11836
62.938587
0.0
185.1966
90.79244
179.47354
211.27011
384.78888
302.2093
165.24931
0.0
49.752514
6.9115963
76.20915
129.22266
146.67723
220.62872
216.32906
0.0
0.0
0.0
0.0
0.0
0.0
0.0
123.72391
