0.0
61.519047
50.23031
56.339085
94.233116
79.991264
38.051582
30.767843
42.18
50.725533
24.611233
0.0
0.0
1.406243
85.77987
155.91463
172.98436
61.507492
0.0
0.0
0.0
0.0
4.5689964
24.506332
34.740143
30.918083
30.736418
32.056915
31.546194
33.49166
33.05754
76.552765
0.0
96.87442
83.80521
107.54079
150.34404
126.66136
58.425823
28.00167
63.54789
74.48419
16.981693
0.0
0.0
47.911716
180.19353
281.06036
328.63757
131.2182
0.0
1.307779
20.977615
21.546345
18.769432
36.22276
41.34355
37.026493
45.143772
52.864845
53.63143
56.706722
57.26903
105.294754
0.0
64.74182
82.38363
122.74721
159.06752
130.22084
52.01745
13.168498
49.517708
46.19526
0.0
0.0
0.0
95.720604
281.2592
409.0904
404.65433
140.75545
0.0
0.0
29.255236
28.536163
13.154592
38.776543
32.1829
16.733635
29.442583
49.50882
56.714264
59.831715
60.582256
111.267265
0.0
10.4514675
72.699646
133.05232
151.08716
121.767555
65.25814
31.10664
40.05161
7.096309
0.0
0.0
0.0
67.25483
336.53186
481.36835
381.72318
121.05828
7.646347
0.0
32.01185
37.594006
3.781158
31.243183
33.025906
4.135397
4.2842603
32.07123
57.17511
61.636425
62.462177
117.15508
0.0
0.0
76.29189
147.72151
128.67632
92.53905
67.498924
32.59397
13.28007
0.0
13.790053
0.0
0.0
43.876495
406.7296
489.02283
276.41544
94.211845
38.09458
2.4997778
17.116432
26.002794
3.3588443
37.52953
45.866196
8.005829
0.0
2.3153543
40.891933
64.89927
66.71265
123.2364
0.0
0.0
100.363525
164.98598
101.133446
52.551117
45.215454
17.403402
0.0
27.82006
67.6003
0.0
0.0
80.46945
488.71756
441.89774
160.94524
50.912518
44.057068
33.03809
14.11875
11.353973
1.6509572
29.718143
47.42248
19.468115
14.320088
0.0
12.046259
54.380005
69.80149
125.99047
0.0
0.0
119.94501
147.0763
67.95785
27.612026
18.989296
0.5209976
0.0
35.607796
82.06044
0.0
0.0
170.06203
539.3955
358.25693
76.607025
9.989435
36.436005
65.092995
30.509693
15.756934
13.3162985
12.88427
24.571419
26.611609
27.85724
16.58711
2.5464518
21.382444
51.206444
118.92654
0.0
36.72172
110.75443
87.780754
44.722595
30.576534
4.917866
0.0
0.0
42.118187
80.540955
0.0
0.0
271.18744
541.07263
265.35718
10.615399
27.39641
79.82569
87.401436
50.003887
19.716112
16.498592
9.724463
9.303077
26.906162
30.013489
25.952242
13.814137
0.0
10.856785
105.930885
0.0
70.58485
75.485275
31.255962
38.814983
41.9735
3.466311
0.0
0.0
64.49221
66.48621
0.0
0.0
340.66724
509.81546
215.24275
0.0
68.25378
144.66151
118.922775
66.139465
11.899022
7.9882727
11.736645
11.051351
15.852241
27.193466
38.93575
30.208542
0.0
0.0
83.25164
0.0
75.485596
43.25205
14.622459
37.52624
36.544704
5.452506
0.0
0.0
50.743286
1.8249556
0.0
67.907845
332.46066
455.17688
280.1701
27.899868
73.50749
152.28389
123.22362
49.03678
3.8656774
0.0
12.86806
26.9198
14.916765
22.028194
41.01444
38.951794
0.0
0.0
62.15035
0.0
55.370583
37.800407
28.004414
34.547153
24.096687
3.5209935
19.015795
0.0
0.0
0.0
7.233647
195.03253
277.7688
355.34836
367.4374
186.52477
98.70037
129.09663
84.45398
13.547799
4.8688507
3.8786511
11.742071
43.37883
35.200996
28.564411
28.66152
27.341501
0.0
0.0
75.23255
0.0
50.541862
42.776146
31.01349
36.823986
20.17033
1.6607271
34.35022
0.0
0.0
0.0
139.54546
243.15962
243.93622
278.76263
358.3354
311.56802
161.87231
97.471985
35.74136
0.0
9.018598
11.692967
13.995568
50.569645
51.16667
32.559048
17.295534
11.893624
0.40499267
0.0
82.645454
0.0
60.014343
45.47911
16.774862
33.512634
28.980646
9.472985
27.893703
0.0
0.0
38.02537
205.90273
239.45691
243.13832
265.98184
326.8116
365.5067
252.39075
95.807
16.37883
0.0
4.0554156
12.525248
31.48351
57.528423
51.65248
25.09153
8.320611
13.043272
32.51216
0.0
71.17943
0.0
46.12904
34.633865
17.224428
20.47186
43.424557
32.40819
8.613141
0.0
0.0
113.73482
214.61467
230.70224
244.73601
268.4402
303.79083
375.94003
320.96185
117.1941
12.931475
0.0
0.0
16.791344
49.670673
61.96092
40.325344
5.3594556
5.8723536
25.465918
52.515053
29.169376
55.57298
0.0
29.113182
28.863861
35.168144
20.263779
41.16084
47.23759
0.24120769
0.0
0.0
201.60179
206.35306
182.37752
163.22408
180.19817
288.0926
402.51605
342.24683
118.35534
7.283612
0.0
7.414811
30.962952
47.649708
51.26516
27.067814
0.0
15.210362
37.87088
54.007477
43.128395
44.745823
0.0
28.111158
35.12489
44.302315
30.247618
25.159782
40.371243
2.6034436
0.0
94.58791
271.74292
156.71059
149.49951
103.15629
32.345665
201.2108
417.19418
341.51456
101.0224
0.0
0.0
26.394833
50.31206
42.26909
30.327145
20.050282
27.555145
37.93127
37.423237
49.876827
44.24249
36.259487
0.0
38.726788
39.664387
42.567135
37.736496
22.636047
23.593899
0.0
0.0
197.78793
266.34387
77.8097
102.198006
86.243416
0.0
96.61947
363.90912
307.43268
45.695347
12.077981
92.38822
66.33627
58.60311
34.986664
24.003752
35.213398
48.6408
50.526962
45.104275
44.017105
40.42901
32.203693
0.0
51.131145
40.965126
42.733448
38.356457
26.818493
28.045015
0.0
0.0
221.40128
299.35736
99.9827
50.879063
0.0
0.0
112.39947
336.43976
261.60687
0.0
74.54978
248.02988
107.84316
43.82528
12.645966
38.707558
70.37231
56.233837
46.059303
49.24172
42.041454
39.630665
40.06098
0.0
101.725334
62.591366
50.036877
30.578094
18.249725
32.340305
0.0
0.0
192.75789
347.23007
177.73315
42.196724
0.0
0.0
196.52225
340.651
255.65729
37.68288
184.44125
354.51294
121.86004
28.149315
7.05113
57.47112
89.10351
58.25199
48.0738
42.36373
36.67258
29.525612
48.965305
0.0
160.37575
99.91504
73.289986
34.519577
15.252283
26.054428
0.0
0.0
187.15742
314.79166
179.67114
63.131588
0.0
53.174004
255.42546
326.72803
233.93726
94.71045
279.66287
411.7719
142.91426
19.69527
22.09185
57.933872
72.06269
41.71707
44.89945
39.354904
36.088184
14.281673
51.961327
0.0
175.61555
150.46205
151.43976
79.90249
28.024971
26.543623
0.0
0.0
120.12476
218.92476
177.92815
137.67209
111.650536
165.45328
270.6313
287.3879
207.26207
162.77356
333.72974
410.77396
173.2199
27.021757
28.411028
45.74898
47.679394
19.20913
31.294786
41.10774
37.834106
0.0
60.103237
0.0
183.14087
191.451
233.40103
158.13716
72.40314
38.661255
0.37577924
0.0
5.6606717
94.3738
185.5872
201.11443
185.74883
220.59123
267.11508
258.74338
234.62495
255.29622
346.91495
360.8993
172.30357
30.028072
17.06523
26.52058
43.79119
25.821857
35.042168
46.853344
28.47966
0.0
75.16218
0.0
218.5345
218.30502
251.76215
216.06238
136.19307
63.65277
0.0
0.0
0.0
82.71422
211.7335
228.55302
206.0067
242.20013
267.71786
248.48479
252.01881
284.55228
332.0311
321.8609
149.9578
37.512547
20.998604
8.18652
28.873146
44.612717
70.62843
75.42442
20.558569
0.0
99.14465
0.0
247.56172
220.49556
228.46907
213.26189
161.89877
75.10807
0.0
0.0
33.611485
150.2355
229.637
190.60582
172.38045
250.80064
277.06854
242.15317
241.05396
271.0535
342.50955
321.21793
125.11284
26.606653
13.119132
16.301023
49.07864
81.095955
119.49186
112.859856
11.665428
0.0
129.43477
0.0
241.4871
202.32257
191.75114
177.15292
153.77852
85.25391
23.075241
55.816315
147.44394
234.64162
239.82454
112.039955
101.73554
230.29988
249.39119
231.27095
242.072
270.46326
354.45084
309.68964
101.825066
0.0
18.116745
91.99591
126.347374
164.39125
182.6004
119.40654
0.0
0.0
160.64348
0.0
207.36737
166.99945
149.15479
156.53154
144.40858
98.388725
100.815346
154.03723
217.4853
284.7137
253.14767
67.68174
67.00228
219.2596
216.0768
214.4133
246.00923
269.27774
324.50623
277.85828
112.266136
24.11649
100.60401
220.09923
212.98276
252.3403
252.53583
96.05435
0.0
0.0
211.62248
0.0
172.72981
158.65129
130.98805
124.384514
122.45687
124.05696
169.7118
214.77745
235.7162
284.62933
275.8286
98.153175
87.97135
211.91148
212.9132
217.83185
252.28525
266.42737
284.46182
257.24603
176.59308
140.88034
229.10284
305.75558
271.33575
304.9203
284.05188
52.151363
0.0
5.618674
262.41214
0.0
153.13922
168.72226
145.35515
85.33707
84.417885
159.1595
209.95203
232.57578
247.28302
269.53928
273.5408
164.30472
141.11356
200.95993
209.74605
231.06769
264.33472
279.0449
284.1949
270.70795
238.6954
242.28177
301.63086
329.7519
308.83005
341.40237
252.40459
1.3632761
0.0
85.44343
295.70337
0.0
139.64952
156.88971
130.15282
59.49506
78.45533
193.33911
236.64607
234.68088
262.43945
293.66895
253.02162
191.2776
217.02077
226.51363
206.25685
240.01215
275.4421
293.6595
294.54483
281.1058
267.9651
276.20502
313.50784
333.43698
338.3311
340.91342
175.62292
0.0
60.164715
140.9105
311.47046
0.0
145.40503
148.5813
91.56889
48.746044
107.80442
218.30194
266.177
248.66754
259.8189
299.15024
253.59941
207.08723
263.5035
246.67393
192.91037
232.2773
284.63312
298.8903
282.89966
266.70453
265.54202
278.47623
311.18433
336.1197
350.96625
291.72034
119.3414
67.712105
144.10706
169.45454
334.3164
0.0
147.3386
135.01323
57.483265
68.33207
163.29408
242.11382
282.8949
267.9572
260.64398
291.93176
268.63113
232.07538
261.2647
237.95094
194.57674
240.84909
289.17896
286.7409
260.57767
252.53845
260.56406
276.75717
311.0963
345.21603
347.43225
245.20145
119.726524
142.05336
184.06432
187.08128
361.96954
0.0
99.6034
86.23188
47.27919
75.81387
139.27625
175.73573
190.16124
183.80965
177.8554
190.82715
184.63797
164.39076
167.88327
156.12144
142.9557
171.72614
192.98286
185.25362
171.42795
171.29918
178.78624
188.15605
205.26872
220.29607
210.50941
148.2887
98.37888
117.411705
131.66176
132.62192
215.69426
