117.87568
0.0
37.254356
311.01285
0.0
0.0
16.89859
47.51336
135.29367
0.0
87.17142
360.2403
0.0
0.0
0.0
63.238308
76.438
0.0
218.60541
340.8595
59.52049
0.0
0.0
52.031532
81.98898
54.76934
244.06679
133.4599
0.0
0.0
0.0
17.012678
163.07954
20.209381
187.88612
88.57767
61.126656
0.0
0.0
37.287647
244.74167
65.08467
238.1824
111.89659
156.10938
9.255513
28.346415
36.520393
270.35236
143.75763
177.5028
125.43062
143.05809
124.84641
114.96237
125.196815
203.83444
100.0031
12.171372
0.0
11.71573
0.0
0.0
0.0
