107.3949
54.855343
0.0
0.0
0.0
0.0
111.4675
85.23489
0.0
0.0
14.975214
29.144356
34.634045
40.139687
52.33717
0.0
155.89258
95.06656
0.0
0.0
0.0
47.69916
265.23605
62.77374
0.0
0.0
0.0
19.469143
46.858093
75.72361
96.09809
0.0
186.81534
90.7682
0.0
0.0
1.9877641
164.39236
377.01495
0.0
0.0
0.0
0.0
18.647648
37.82373
89.50972
116.904884
5.6320252
166.5391
33.629684
0.0
4.798296
4.228546
182.15755
368.32138
0.0
0.0
0.0
0.0
0.0
14.063137
55.835155
93.333824
21.86258
102.167015
2.44376
0.0
0.94052416
42.809994
217.22676
218.90012
0.0
0.0
0.0
0.0
10.522449
9.989344
12.07916
64.61473
9.197475
51.123173
0.0
0.0
0.0
110.62105
225.95467
105.471695
0.0
0.0
0.0
0.0
30.446327
0.0
0.0
48.9399
18.188358
36.732655
1.565062
0.0
14.839378
211.03305
153.95511
53.768517
86.255035
0.0
0.0
3.668563
29.509207
0.0
2.9345014
36.200752
9.014987
39.627285
4.516962
0.0
78.36777
251.07468
88.63437
79.570206
140.52632
0.0
0.0
0.90627676
0.0
0.0
9.840456
28.173578
0.0
65.64908
0.0
0.0
127.11953
204.3146
0.0
45.379536
140.2505
0.0
0.0
0.0
0.0
11.84163
0.026467845
3.1177058
0.0
99.60934
0.0
0.0
103.52799
138.37894
0.0
95.92709
156.93265
0.0
90.51961
0.0
0.0
19.158394
1.5889547
9.013494
0.0
158.29227
0.0
0.0
64.83133
148.56361
30.144669
123.23738
81.9391
67.104126
101.749054
0.0
0.0
22.378517
20.908575
18.086958
8.762422
215.36612
0.0
0.0
46.473248
185.27084
89.19478
107.745384
109.47124
111.454025
57.966557
0.0
0.0
47.91837
0.0
12.951221
36.28522
230.1158
0.0
0.0
86.08243
163.90602
54.457417
92.24559
111.6725
109.87743
17.223415
0.0
27.254402
67.27817
0.0
0.0
56.61237
209.36264
30.573101
84.54178
139.00365
91.44052
64.61701
107.25279
119.43945
124.38935
47.012447
8.0567465
111.61482
59.871895
0.0
45.917904
31.347733
160.71878
18.339575
109.088326
62.02473
14.615772
2.5439148
28.047293
80.52153
71.22564
21.626802
27.328644
42.207207
0.0
0.0
65.870926
0.0
134.67395
87.971634
163.3507
93.284485
76.403824
59.414585
71.759514
115.834915
110.47744
84.90082
104.810036
95.11325
21.865211
0.0
106.36857
0.0
