13.679355
155.79483
133.12816
47.65256
171.99402
0.0
7.000322
17.117264
42.264874
229.07808
109.81023
74.02314
350.14243
8.014618
36.40465
52.586464
86.18014
191.14594
91.06751
137.63693
280.43057
106.04081
31.118626
48.7804
90.031425
179.41998
96.89407
272.3406
155.07185
92.36347
31.600037
18.072176
89.62409
181.01091
186.92085
210.73555
107.55074
179.40306
27.77126
42.825012
151.21843
208.05466
204.53145
242.09602
131.40695
211.27019
100.27142
23.129322
118.64268
110.621864
41.81638
67.984406
7.154797
35.384808
46.82758
0.06117698
94.693275
15.452142
0.0
0.0
0.0
0.0
0.0
13.939188
