0.0
64.067696
268.7086
85.26151
9.256696
0.0
59.74513
0.0
66.89544
227.72247
421.1734
219.31255
0.0
0.0
112.8517
49.09776
118.13064
366.5551
496.6902
368.26172
0.0
0.0
103.95031
65.88523
156.42165
403.94687
407.59906
300.31335
63.333115
0.0
75.34727
52.2197
193.67352
386.818
416.45636
428.89676
139.09431
0.0
21.91087
42.65413
227.54399
378.20798
437.03955
413.6822
216.12885
165.40613
36.661316
69.67354
361.44244
397.09515
535.4044
510.1314
431.16852
377.11255
234.97653
74.158394
322.60355
144.28711
174.33936
192.97542
185.46274
62.493645
66.636955
0.0
