0.0
3.1153643
45.494728
59.743393
0.0
0.0
0.0
0.0
111.19065
84.01683
0.0
0.0
5.8643365
6.8755
5.0640035
40.736115
0.0
132.67314
185.6477
146.3135
22.027267
0.0
0.0
220.60016
319.77457
134.43039
62.3132
77.22983
85.49273
82.90084
76.37187
122.034424
0.0
124.655556
162.77228
58.93599
0.0
0.0
0.0
379.27884
358.91992
70.41584
32.68902
40.626003
40.217983
49.81714
62.09709
114.508484
1.8234293
136.90259
125.62427
5.392525
0.0
0.0
0.0
336.25626
262.8694
23.574448
48.045067
28.07988
18.268574
33.118805
44.848576
108.244965
13.009563
102.88931
45.684677
0.0
0.0
0.0
52.39328
197.57959
135.67175
105.99452
71.4633
3.272261
6.285065
30.02584
26.463749
86.17241
0.0
46.365757
14.684177
0.0
0.0
0.0
133.26213
167.62466
203.36383
192.9062
53.172832
0.0
20.097088
10.996401
0.0
55.330585
0.0
27.283197
0.0
0.0
0.0
64.467224
194.66425
183.38998
241.26935
175.38033
18.750778
14.346239
30.461979
20.909868
12.316105
88.58452
0.0
17.668173
0.0
0.0
0.0
185.0923
237.68622
213.8847
243.37155
109.90433
0.0
25.967424
10.304247
13.085507
21.225986
78.88759
0.0
32.202316
0.0
0.0
0.0
149.73845
84.588806
79.15
95.9908
5.752999
26.74345
87.00639
9.630844
34.74842
30.803669
49.231056
0.0
0.0
0.0
0.0
1.9887621
7.750672
0.0
26.857262
111.66988
126.42222
203.6577
153.09149
52.531487
54.694702
8.888023
24.126558
0.0
36.977676
31.822601
0.0
19.862411
48.414505
46.896645
137.10487
150.84363
215.70885
246.26901
116.14163
0.0
0.0
0.0
38.712517
0.0
171.93253
55.478577
0.0
0.0
115.577225
154.20435
138.54381
123.15711
201.44318
155.52354
0.0
0.0
0.0
0.0
48.162956
0.0
196.09396
23.119118
0.0
0.0
95.065186
144.83826
107.5995
118.04894
158.58102
21.51538
0.0
0.0
96.44653
0.419884
53.2304
0.0
98.42116
12.033157
15.6085205
97.2861
70.04153
81.51296
73.84322
99.94698
130.87808
55.497177
52.25099
167.17578
143.1386
0.0
106.19246
0.0
30.109863
16.11496
92.67639
169.32504
146.72714
135.46275
118.81504
160.89658
201.94577
184.04681
191.84766
265.2489
188.85858
25.00357
191.61835
84.062874
220.78099
313.46396
408.47763
452.93585
434.21625
420.49005
416.92682
445.4704
461.2244
460.6693
486.5618
481.59906
360.30365
301.2961
335.4895
