0.0
0.0
0.0
0.0
7.906904
0.0
0.0
0.0
0.0
0.0
0.0
0.0
0.0
0.0
0.0
0.0
0.0
0.0
0.0
9.983468
0.0
0.0
0.0
0.0
0.0
0.0
0.0
0.0
0.0
2.8233874
0.0
5.0458393
0.0
7.2715216
43.541946
53.07679
0.0
0.0
0.0
7.5537586
83.93586
33.153625
0.0
3.9091308
0.0
0.0
5.47961
24.7106
0.0
27.694809
49.087288
26.745668
8.6482
0.0
0.0
0.0
10.505639
0.0
0.0
0.0
0.0
0.0
0.0
60.048664
0.0
14.995753
34.12193
11.649964
0.0
0.0
0.0
0.0
0.0
0.0
1.7230625
0.0
0.0
0.0
0.0
21.049128
0.0
2.8978033
8.814218
0.18459296
0.0
0.0
0.0
27.010746
0.0
0.0
17.78805
0.0
0.0
0.0
0.0
15.089937
8.199823
4.1129265
0.0
0.0
0.0
0.0
0.0
20.632149
0.0
0.0
0.0
0.0
0.0
0.0
0.0
17.789087
0.0
1.8647866
7.643872
0.0
0.0
0.0
49.08022
110.446915
101.165825
0.0
0.0
0.0
0.0
0.0
0.0
14.379833
0.0
0.0
0.0
0.0
0.0
0.0
0.0
0.0
0.0
0.0
0.0
0.0
0.0
0.0
0.0
0.0
0.0
0.0
0.0
0.0
18.195433
5.570608
0.0
0.0
0.0
0.0
0.0
0.0
19.66408
8.984878
0.0
0.0
0.0
0.0
0.0
0.0
7.595379
5.668131
0.0
0.0
0.0
10.741322
20.261282
7.2576704
0.0
0.0
0.0
0.0
0.0
15.661804
5.491418
0.0
0.0
0.0
0.0
0.0
0.0
0.0
32.12925
0.0
0.0
0.0
0.0
0.0
6.1350536
41.214348
13.652437
0.0
0.0
0.0
0.0
0.0
0.0
16.351906
0.0
0.0
0.0
0.0
0.0
0.0
0.0
27.062403
0.0
0.0
0.0
0.0
0.0
0.0
0.0
0.0
0.0
0.0
0.0
0.0
0.0
0.0
0.0
0.0
0.0
0.0
0.0
0.0
0.0
0.0
0.0
0.0
0.0
0.0
0.0
0.0
0.0
0.0
7.9413586
56.249146
103.943306
159.53267
189.66725
205.79625
175.45564
168.34695
192.37218
189.80226
191.29051
227.04413
259.83124
192.04646
154.94153
267.94757
