13.044043
122.077255
9.0175705
90.47719
195.96906
175.75723
71.83401
112.454865
0.0
126.91593
0.0
23.009802
239.78177
195.90265
37.906246
71.44365
0.0
63.54472
0.0
95.75562
314.55936
218.64853
19.754581
37.579254
0.0
30.840322
0.0
58.128235
197.95119
114.40997
90.82777
36.275723
0.0
0.0
34.35077
136.83548
261.12207
214.9771
92.80178
16.24426
0.0
163.1452
98.68385
177.06
182.3975
181.61784
142.07553
76.42299
0.0
353.12714
360.86624
367.7749
384.30725
461.86423
457.8858
308.18808
0.0
147.25006
109.9176
104.39899
140.23337
129.99359
47.55104
65.08446
