109.402145
210.12262
138.8122
113.39361
223.90552
222.57043
144.46996
98.518326
147.74686
318.2587
190.05653
137.34409
387.48917
304.67902
196.79715
175.2687
132.00563
249.27707
179.74812
219.38551
458.8558
327.41104
144.38667
133.80914
80.7178
187.7869
200.29785
329.7222
302.71368
265.85944
185.05919
92.9878
60.412945
195.7097
278.28336
407.70926
316.0975
305.09927
206.13834
76.72118
87.43982
263.04593
268.3123
402.14548
314.081
273.01068
239.42264
127.97658
222.61617
452.09363
439.57767
515.6237
449.8597
446.38074
409.24887
213.51344
231.93567
442.28674
413.3263
442.6351
442.6437
419.67905
381.254
241.37186
