136.11748
256.71634
293.44022
467.48483
409.93143
56.40929
65.90341
75.55283
190.24254
282.99677
319.94464
713.2736
469.37698
0.0
75.229706
81.77219
174.63647
251.27982
308.8547
685.22705
459.95993
49.736176
58.87218
74.80254
191.5847
307.09845
470.2868
685.66705
395.25958
124.38922
126.44089
72.99955
276.72452
440.19745
499.40286
585.21045
520.121
282.7319
180.92271
92.4488
377.03278
486.1241
520.8156
560.3256
601.67914
446.50153
245.27155
201.2595
381.4362
400.70755
484.0334
488.60135
497.0388
463.76694
389.93176
290.79483
288.44574
172.20346
103.90633
61.362015
119.33717
94.22731
52.021873
0.0
