0.0
0.0
0.0
27.707216
0.0
0.0
0.0
0.0
0.0
50.516556
0.0
14.217167
15.795471
12.399719
3.2139134
0.0
83.69114
49.54929
41.27614
63.173027
0.0
0.0
0.0
0.0
50.963703
70.19634
45.808216
61.015907
73.42888
61.410763
58.91073
8.489777
68.6036
23.094734
38.803303
10.7006
0.0
0.0
0.0
1.520657
44.795742
1.2167896
10.981089
29.276352
44.491856
70.62765
43.627136
5.7099414
63.197773
56.407986
23.43098
0.0
0.0
5.6057096
0.0
0.0
5.829922
0.0
18.276827
20.613811
23.343164
43.112514
60.40352
0.16117421
61.45608
37.14445
0.0
0.0
0.0
0.0
36.58256
0.0
0.0
0.0
20.376965
5.2228627
1.408667
26.905628
50.08466
9.11068
17.372025
7.1399217
0.0
0.0
0.0
0.0
6.654919
0.0
0.0
43.37296
3.1839013
0.0
0.0
9.506786
14.418468
0.0
5.7120595
0.0
0.0
0.0
0.0
21.93835
42.528454
0.0
0.0
21.4472
0.0
0.0
0.0
0.0
32.236885
25.922066
1.6861995
0.0
0.0
0.0
0.0
21.766125
86.330795
33.883404
0.0
0.0
0.0
0.0
0.0
0.0
31.448076
13.141742
0.0
0.0
0.0
10.106174
3.682446
52.729412
53.02464
0.0
0.0
0.0
0.0
18.478691
0.0
9.870377
13.391026
0.0
0.0
0.0
0.0
16.213703
0.0
0.0
0.0
0.0
0.0
0.0
0.0
63.31262
3.9160485
9.091011
0.0
0.0
0.0
0.0
0.0
54.540295
20.959782
0.0
1.5470394
29.957928
0.0
3.828053
0.0
45.283436
0.0
0.0
0.0
0.0
6.37196
0.0
0.0
9.729488
0.0
0.0
29.189114
0.0
0.0
0.0
0.0
0.0
0.0
0.0
0.0
0.0
69.58591
0.0
0.0
0.0
0.0
13.534008
18.35162
0.0
0.0
0.0
0.0
0.0
0.0
0.0
0.0
0.0
51.221123
0.0
0.0
0.0
0.0
0.0
0.0
0.0
0.0
0.0
0.0
0.0
0.0
0.0
0.0
0.0
42.867657
5.4054227
27.27435
20.78593
41.207577
23.146648
28.690594
32.38151
28.632458
35.71905
47.95808
49.14497
60.61134
5.0157895
21.37782
27.850002
103.41768
125.357635
176.37822
201.43413
220.56656
217.38353
211.10558
212.7401
211.80466
209.30237
217.97948
224.40695
204.3371
177.6999
184.63234
97.32778
