31.144749
35.21832
29.220034
0.0
0.0
0.0
108.6117
266.7001
29.908718
0.0
0.0
0.0
0.0
0.0
17.004658
45.571903
0.0
49.837185
25.264744
0.0
0.0
0.0
36.27347
297.54047
48.162434
0.0
0.0
0.0
0.0
0.0
5.3761096
48.417946
0.0
71.9019
19.784206
3.9253557
15.905052
0.0
67.78638
286.57608
11.740726
0.0
0.0
0.0
0.0
0.0
0.0
62.849125
0.0
41.461536
5.893905
0.0
19.293377
8.341969
171.12184
252.7586
0.0
57.19692
0.0
0.0
0.0
0.0
0.0
45.276413
3.3358076
21.937626
5.7260184
0.0
0.0
21.293064
208.87741
274.54443
0.0
17.289885
0.0
0.7060353
11.872524
0.0
0.0
31.803297
31.320599
24.560808
4.2461123
0.0
0.0
35.697956
129.67432
254.32825
73.37364
0.0
0.0
17.510653
16.69803
2.1680677
0.0
33.217937
19.836836
20.571812
17.058735
0.0
0.0
37.75263
25.874638
190.2643
181.98083
0.0
0.0
21.118425
17.606043
2.3011644
0.0
0.0
20.48125
17.150751
7.0802836
0.0
10.991436
15.673901
0.0
112.741486
219.58469
8.155388
37.66598
0.0
26.034355
8.990591
7.6667876
0.08782548
71.635345
12.991968
0.0
0.0
135.62177
102.95711
0.0
131.84886
246.18906
102.454834
105.59975
0.0
37.749924
7.448293
10.094738
15.179311
147.24161
76.045334
0.0
0.0
111.2162
167.92886
0.0
106.07295
153.06256
142.72328
115.289566
0.0
23.25061
8.345985
20.544165
32.4776
157.50702
125.03256
12.55019
0.0
16.169292
120.45969
0.0
53.23499
103.48363
176.57874
156.69997
0.0
51.20553
60.70584
34.19842
36.31323
107.743904
85.87019
72.99665
0.0
19.42387
57.67236
0.0
95.65292
109.24509
224.2638
156.75636
0.0
122.28337
90.59991
33.100945
56.034756
70.73331
49.034794
69.19852
42.62708
65.14684
52.39754
0.0
101.9536
90.40755
197.14838
168.22452
68.05561
136.71686
79.32097
17.586754
116.19973
60.001347
38.86807
33.17284
78.2711
77.77988
99.10235
0.0
76.46747
96.96156
131.50708
107.95781
86.650894
142.00401
103.1809
13.989307
163.64296
34.765125
0.0
0.0
49.805286
19.102222
40.755802
0.0
0.0
34.20966
13.891895
2.8275945
54.999363
96.303955
45.01737
0.0
149.33441
0.0
0.0
0.0
0.0
0.0
0.0
0.0
0.0
0.0
0.0
0.0
0.0
0.0
0.0
0.0
24.933102
