67.22092
47.238388
55.08828
49.183025
24.48803
13.397714
15.365792
19.965416
11.030885
0.0
0.0
55.628334
131.55884
169.1839
171.39388
110.35995
41.78622
11.648428
7.0921555
11.095273
15.935944
21.14716
23.649288
18.10096
10.912724
8.902712
9.641203
10.376503
10.122587
9.014674
8.390189
0.0
150.64688
126.278656
130.2751
119.99705
83.30592
54.70008
61.40477
79.02146
65.57118
39.554146
36.519306
142.40706
262.06155
309.21378
309.82907
204.71979
82.3822
33.68523
37.595093
52.24787
62.75342
73.30568
75.57925
67.19774
58.70285
52.463955
48.07529
49.46417
49.933796
47.710434
44.351505
0.0
146.49261
137.95766
142.25854
123.155
79.46443
45.158627
46.758316
58.008415
43.132187
31.708319
48.817562
181.95163
356.342
438.54004
429.14355
273.57278
101.26834
27.30842
29.661179
44.597084
42.72482
54.31163
67.26414
67.78215
66.08666
66.441475
62.117672
58.61712
57.545254
54.77395
51.696835
0.0
130.91475
146.09093
150.42586
124.759384
85.09006
49.958775
44.114563
46.773117
42.739197
44.547714
64.594955
189.07262
392.47403
498.1899
458.7106
284.44315
115.21741
33.062645
29.34464
49.130024
43.270744
45.54122
55.744183
54.11281
55.985195
68.155045
77.04171
70.207306
66.834885
63.16591
60.592674
3.278227
105.02596
144.49524
144.33943
110.220146
74.66719
48.06499
40.729656
37.13656
44.58992
46.580025
58.534172
170.54155
390.02164
507.2697
423.84128
244.0165
105.1007
39.197315
28.165981
42.787735
41.840008
46.72168
59.429504
48.489304
41.938477
54.725586
76.49071
80.84414
74.862274
65.770164
61.37303
5.869026
89.18577
137.10905
120.4387
78.53189
53.204494
46.82261
40.693996
42.38774
60.89393
59.67681
57.395306
162.05789
386.88812
481.2711
352.494
184.09651
85.51714
51.301228
34.279716
33.52132
34.483288
37.51793
52.82659
49.69319
42.42944
48.49367
66.73827
84.212616
86.25331
74.49874
63.9364
5.955971
93.893585
127.8539
95.69835
54.57264
36.509216
36.996
36.676483
48.927227
77.47205
77.42122
61.48263
178.92703
405.28433
448.90143
279.63483
124.28827
68.974846
67.03785
47.868824
31.646137
29.77072
32.944016
45.23468
48.826405
44.733562
42.137997
48.390594
68.34643
82.74525
79.95893
71.20101
8.902928
90.95979
105.09581
74.14851
44.427532
28.7907
28.384289
38.64748
68.61854
110.96498
115.56559
97.20861
230.7593
435.61676
424.82788
228.51459
105.328125
92.59209
96.550735
73.409134
38.470955
24.179298
24.320229
30.800941
40.872658
44.43227
41.365204
37.963486
44.002754
61.003345
81.85006
89.09066
27.2429
80.85275
77.08465
55.163624
44.75434
32.787426
29.688244
36.05452
75.20118
121.022705
119.47913
132.74474
289.2992
461.2451
418.75113
212.03784
119.4808
129.8389
128.43158
97.551315
46.509262
22.059395
21.561663
26.787031
33.932972
43.79213
47.08504
42.213943
31.585787
34.986996
64.337
92.388725
42.15329
67.69016
60.83786
47.714207
44.144608
31.722376
29.353464
33.538372
68.59527
113.136154
131.16171
207.37611
354.2128
473.92148
437.67755
239.98169
131.74841
139.2865
136.9279
90.979866
43.611633
25.30131
26.7228
38.239838
38.602978
42.124313
46.451626
44.68173
27.387074
18.428938
40.09934
83.80684
44.27537
61.802876
51.59024
42.16311
42.962196
29.82358
29.667913
33.062088
49.179134
99.192024
173.48169
280.1113
391.5535
469.7872
460.28418
320.5041
183.27225
152.93712
128.25323
78.79807
41.894814
31.874743
33.57802
49.695984
51.53342
48.583485
46.66325
47.03504
36.894096
27.357105
46.08731
98.03015
50.066574
61.43978
46.566357
43.775482
44.226265
28.953304
31.2096
37.490314
34.534824
94.14985
216.3699
334.65182
416.7017
458.36783
466.40536
395.6994
241.84714
139.01704
87.24967
48.610413
29.471714
34.28032
39.915375
58.08378
65.82624
55.189896
43.831146
41.850815
42.144386
37.359833
46.254696
98.124596
48.03765
61.779015
48.680405
46.278816
46.886208
33.807213
35.350662
40.379787
39.583904
130.62427
277.94608
390.82962
437.9645
453.58405
463.29892
446.2045
333.45956
179.07733
79.26176
31.235973
24.322298
37.94068
52.709976
67.02125
70.23166
55.923794
41.12372
38.53143
47.624092
52.11153
50.73808
98.42409
53.215782
53.063545
46.670547
47.767662
57.15178
52.175377
44.15535
45.259956
55.603687
170.6961
315.27304
407.61337
438.5039
452.93854
462.68112
458.92026
395.15085
228.8503
87.63521
28.4225
25.024185
40.55596
59.347862
66.99423
65.06023
49.597332
40.14672
48.173813
58.119568
62.215843
50.018597
76.15865
44.15451
54.678352
54.828293
54.23953
59.21959
60.304718
52.466583
49.01424
70.35394
206.50702
309.3933
339.43777
348.0281
366.7123
414.61203
449.92694
410.40768
247.32983
92.56393
27.983685
26.075405
42.221657
57.306458
63.32762
58.503677
43.293156
41.7783
52.068863
60.235615
63.155636
44.43124
46.28263
26.913979
52.043797
54.186058
57.513546
58.915985
65.30909
72.27042
66.453926
105.34146
225.72443
253.75777
250.5839
263.04028
269.266
325.0438
408.52097
400.78607
252.40121
96.34519
33.181293
37.949142
59.551987
66.253975
63.588547
55.737236
51.208786
52.05889
55.932358
60.241726
60.50163
44.845467
33.936893
15.591926
59.375317
62.908978
69.98753
67.89698
65.53769
77.83202
81.46621
145.49275
245.5101
222.27573
180.06375
170.86893
169.73
224.01283
354.0028
380.3192
245.67178
114.74782
107.582664
103.88028
92.77566
74.4085
64.155235
66.156815
68.61249
65.50126
66.279564
61.90908
56.241554
40.652206
27.50826
9.509029
68.119
66.20901
69.27649
63.82572
62.19809
77.73851
92.00894
181.55334
294.94077
238.94888
138.98709
106.45965
112.06709
187.45352
335.5487
382.43182
266.46704
161.58562
196.61464
156.36514
106.43496
74.15909
72.973785
85.74192
88.33165
80.243484
72.00269
60.319958
55.56634
44.940792
33.71489
12.068155
93.02307
73.474655
66.11723
58.949753
63.66938
75.736275
94.49523
204.5791
337.53497
291.3891
182.52448
141.81711
163.84134
259.6595
365.25494
398.6359
310.36276
233.38568
292.76538
229.41496
129.89449
80.375145
81.674545
99.90587
95.09076
81.175514
72.63502
63.634796
57.797253
49.193783
47.36785
18.431232
135.24422
104.365074
80.542206
59.852833
60.905113
71.38633
93.6928
209.95837
352.33255
336.48688
234.89598
178.87329
201.49239
310.7584
409.8944
420.7841
345.3206
309.9425
378.7694
292.15933
136.46426
66.19978
63.853065
85.09819
79.835915
70.93652
66.74608
63.091606
59.292633
53.226494
62.847603
25.894444
207.95264
185.27109
133.76047
78.690414
60.892426
68.19675
88.67545
176.87122
304.3436
349.59915
316.759
285.8483
299.9965
376.2284
438.84503
433.0947
390.6359
378.19476
402.55426
300.79092
132.02177
60.74843
53.292194
68.59801
63.910408
57.97587
60.493145
61.135704
58.21134
54.643726
85.49553
42.72358
275.63824
269.11893
209.08255
128.80522
79.55535
59.012745
68.34545
128.9865
242.13016
334.8606
366.99423
365.46866
372.7101
410.58917
446.49365
442.4896
418.16837
402.15317
400.34494
306.18408
142.65341
63.01579
49.60011
63.06978
62.843224
60.03454
64.07861
60.250618
53.015774
55.97886
111.61547
59.50142
320.49222
330.29742
285.1567
195.36473
114.64655
65.87716
61.837967
108.58448
211.06715
326.11142
388.59784
401.85922
415.82266
434.60638
436.64697
420.2096
411.44345
405.79114
390.67526
285.82047
141.64049
69.10402
52.282314
61.063126
74.575
81.89605
88.25378
74.07613
56.292877
64.131256
131.76274
72.29597
332.73816
342.421
308.88605
238.88039
159.5042
99.522316
92.38794
140.03055
217.80046
305.86386
357.7286
371.47235
401.37106
434.56363
438.54633
428.68097
427.82077
415.86005
378.33124
258.77078
132.05638
75.285805
76.87026
106.2295
134.67316
139.23929
129.30414
87.07356
54.00663
73.21046
158.20395
90.9324
315.40988
320.34006
297.39062
268.32513
220.83899
174.41914
172.90826
221.75235
281.97778
318.64023
303.04144
289.34167
352.55893
413.2363
430.53128
431.0018
427.68137
421.34427
390.61713
271.0996
159.80196
128.3822
169.58247
199.11308
210.56883
202.58699
161.36302
91.84385
50.23965
87.80923
180.92723
99.75301
289.22266
293.23788
284.7344
281.79755
263.2399
253.66809
271.15112
314.52023
347.9909
347.1278
286.40195
245.50365
317.34537
384.05872
408.02563
425.08563
439.7814
449.7274
429.94888
337.799
245.51996
230.97865
285.7083
305.26233
296.68362
272.58096
191.78506
97.16877
59.748432
118.3762
208.73022
111.932274
261.52383
267.38416
255.84763
264.21533
284.3174
321.51877
357.02884
388.519
401.86545
403.91592
336.62778
270.644
319.98343
387.2453
420.2621
451.2634
471.6157
476.06714
465.28207
413.0701
356.77774
357.30038
402.47983
410.49506
375.12152
327.70105
209.30032
92.92783
86.611374
161.86324
235.42462
120.91398
242.71498
250.23738
239.20123
252.88548
301.0528
360.36545
402.3624
429.93982
437.25018
433.3122
381.79156
327.57175
353.23947
399.00568
423.7228
451.04776
479.571
494.55515
494.24454
472.9702
448.2881
453.0261
479.2158
469.03003
418.9611
351.96146
214.94489
117.15399
139.79276
211.51495
264.5039
129.34668
228.71881
239.11896
224.58586
238.8647
310.84808
386.948
426.96744
445.74826
455.85464
450.65396
413.51913
384.99332
394.09122
410.00922
432.71753
465.7087
496.56393
506.8242
502.89764
496.86014
493.58658
500.3231
507.8361
485.46713
436.15222
352.02036
229.82161
175.85587
205.61661
258.4755
288.07324
134.19229
227.13313
230.52382
224.22781
256.653
337.57187
419.39932
451.07895
454.06317
463.12756
456.04376
427.0613
419.40747
420.51093
412.20016
431.22922
468.66528
495.7542
498.28494
490.3889
487.77707
493.6492
505.50742
511.94626
490.20978
438.95218
347.24905
257.38287
234.94795
265.1241
297.1788
310.98297
143.17503
224.9775
227.33371
247.87477
311.51974
389.9692
453.30124
473.42242
465.32312
468.01514
465.02115
433.7124
421.20172
428.80283
415.39896
426.2158
461.63834
483.92346
480.7061
473.79358
477.3173
489.76733
506.69406
516.56104
497.35284
441.72708
351.3093
291.67578
290.59814
315.6456
327.77057
329.74994
149.53891
135.18039
122.1819
129.73807
168.22148
214.87817
251.19855
264.15414
256.3637
253.39122
253.35445
238.46295
231.2635
235.03304
226.29794
228.24576
248.10394
263.7855
262.42065
256.76608
257.67245
263.96994
273.7399
280.50397
270.40292
240.06468
194.07762
169.00223
171.6546
180.5495
182.7168
182.71608
85.06175
