94.18968
104.184204
97.722176
104.06063
99.56077
81.93798
74.68326
68.27339
65.54579
53.818317
38.27066
9.094088
12.236158
23.549616
19.348583
30.893517
14.571616
11.188967
23.762062
31.967064
45.08442
58.639755
70.26196
77.33416
77.01638
77.01499
77.76859
77.125404
76.66813
74.90029
73.13005
74.31362
125.075165
132.31514
130.15285
140.88141
122.25266
86.891075
65.841446
52.93338
50.599403
31.87855
15.548825
7.4552946
79.32201
131.99324
124.89484
116.90574
43.88509
1.3972865
3.9807332
12.838385
23.362003
39.760952
67.58794
88.625435
99.87658
108.91659
115.65164
113.98556
112.92246
110.47283
108.283394
112.726746
113.90545
134.55858
141.20314
146.96542
116.66466
67.39348
40.950558
37.774536
36.665855
12.34615
5.830643
33.86468
145.02243
204.56567
192.12784
174.44418
53.093277
0.0
8.436076
19.264746
27.512707
22.316381
39.774055
57.227203
71.059456
92.21786
113.33914
117.23299
117.97441
118.31545
116.13993
120.91549
81.538055
118.4779
141.32219
145.07388
104.15015
54.5506
22.827456
21.43333
9.847298
0.0
18.996443
52.876896
151.8241
221.39365
225.10045
174.16713
38.938538
0.0
10.64565
24.988607
27.819435
12.025414
17.490063
27.887617
34.94575
59.191013
91.3462
111.982124
118.63512
120.891716
118.364876
124.43082
47.437744
104.08774
142.87494
140.29355
99.3274
54.779564
22.104593
9.115698
0.0
14.155619
36.431564
47.695774
122.765236
228.06564
236.19731
138.0958
23.83973
3.9468017
4.8291264
13.309788
17.959255
2.428451
11.843888
17.068851
11.341038
29.657679
63.397743
99.43619
121.17424
126.783
125.77317
126.74948
33.594475
103.17708
143.3081
118.602425
75.01555
39.57227
16.350576
4.9643755
6.5083346
28.486465
28.840956
24.079327
113.38577
251.19383
221.67813
87.89418
21.457031
12.715666
10.411354
9.161601
15.667875
15.053873
23.147263
27.575823
8.908277
10.420432
32.67193
69.02953
107.88933
127.84991
127.64053
125.30669
33.294525
101.42801
122.23038
73.757324
34.913067
18.57168
9.723636
12.784977
26.20307
40.14207
20.316793
12.006859
130.85805
259.44543
171.60747
33.456913
12.446916
19.559479
24.160866
15.578569
14.232529
14.916497
22.58939
25.34365
16.850418
16.170486
12.962031
36.64405
77.33784
109.58774
120.49951
121.85506
43.38957
96.05157
90.86386
39.623985
18.672777
10.677832
10.101677
13.664774
36.830482
49.94843
28.285585
23.283821
162.74002
251.73343
121.6391
0.0
5.412917
29.950857
36.32101
23.972822
12.219281
10.708049
10.23431
15.964733
16.978407
17.351818
9.268584
10.054394
37.791954
65.16958
91.82038
103.41499
54.55181
75.09923
57.844837
30.343401
22.849016
7.4885483
15.595324
29.252537
62.672424
87.64251
52.84084
64.654106
205.7783
239.43323
101.92558
1.831261
44.10666
71.21475
57.186348
33.596104
13.839875
8.94558
5.6254506
8.358891
12.784423
13.441164
9.272833
7.888504
7.20575
24.866636
53.422394
75.14563
48.710716
37.692497
26.548538
27.65264
26.145357
6.5576887
17.326958
34.139984
68.41203
74.42658
38.804363
103.92283
225.33362
215.24701
112.21609
33.94784
83.59732
106.179
74.18218
38.024788
10.853526
8.940797
7.478024
14.7464695
14.692615
20.087809
22.822388
20.657131
5.295113
6.4844046
27.77214
54.803013
37.311665
14.219916
12.432677
20.11248
22.342001
5.224272
15.84242
22.824924
35.368755
30.436623
56.24555
160.07571
224.57272
197.3949
128.6331
55.684486
52.109947
71.57582
45.05788
16.095161
2.7153275
13.220333
14.490017
24.612984
19.410679
21.380243
20.91207
17.063759
4.6311517
0.6592427
16.349077
55.759476
40.801754
23.634857
14.958775
16.439806
19.530449
5.5732813
18.072958
17.513205
7.401561
45.258545
133.18416
205.0071
202.09053
194.03136
176.58983
109.05612
61.783627
47.479748
24.368359
3.9559414
9.917677
19.287205
16.72008
29.25724
23.457603
17.476017
11.045186
10.054762
11.595727
20.724216
38.70683
84.36036
47.61507
33.63589
18.714766
17.038319
22.92569
10.340174
21.558102
14.259252
0.0
84.242676
174.21997
194.51447
182.53162
192.39197
195.93518
156.56195
84.66247
39.817905
11.485469
7.3887386
15.988148
17.668884
19.285412
32.445084
27.703499
17.162975
7.9060564
8.755079
16.285204
28.60953
40.692097
84.82959
49.84851
30.003784
15.657783
16.67463
21.4656
16.775719
18.82747
14.294065
20.323954
128.46008
186.30287
183.88869
184.92867
191.01324
192.12495
174.6861
120.65453
42.571976
11.709441
9.174423
15.344449
22.39523
30.82229
36.629517
27.786606
12.481058
7.3055162
15.375132
21.643513
26.40006
26.18099
62.229866
38.38419
22.669361
17.7303
21.17452
30.976576
25.486706
21.323547
17.95917
43.2984
171.12268
195.07626
198.96423
207.09404
196.75746
195.91402
193.88197
148.89119
49.133
10.6615305
8.95157
17.46685
27.904797
34.721306
29.900106
19.146214
8.096952
16.85879
28.838617
33.02867
29.878952
18.65911
40.36001
40.181347
34.47989
31.64411
26.41364
32.09034
25.459415
22.433693
15.049573
65.187096
177.18172
132.9227
117.77569
132.40344
139.12476
173.59662
201.56459
148.63182
34.777424
0.36451966
7.7043
15.561098
25.460527
24.671076
20.381405
12.139464
13.1297
24.721565
30.532747
27.658894
26.243328
10.883066
21.295418
44.552303
35.36925
28.423758
22.544289
28.390419
31.660244
35.90457
27.317999
90.30799
143.3791
45.866024
45.63673
62.44105
69.056625
121.62051
185.62646
136.66559
25.185413
0.0
20.634552
22.519423
33.24087
26.384058
19.6322
22.50119
27.327065
27.187962
24.59395
19.74566
20.194544
9.914589
14.38754
47.218483
35.11149
29.533096
33.30589
33.159767
35.775524
44.60171
41.373344
108.09654
135.59828
41.26805
58.405964
63.20784
35.115196
93.45541
169.26987
127.34387
36.645065
26.721195
109.13757
63.299965
46.362446
26.28055
28.549978
37.76171
39.390785
31.534357
28.949654
23.728373
19.089054
9.426706
14.142319
58.20209
38.0021
30.89596
32.253826
28.087658
32.67435
36.963226
46.05345
135.01888
164.36223
68.36558
41.61311
32.284946
47.24263
133.09628
190.8836
142.02214
67.87397
87.054214
172.59564
57.783028
23.89374
23.369856
37.54629
55.38186
40.388638
32.69227
32.896286
24.156963
24.720219
12.106716
24.178724
84.896935
46.224884
26.896519
22.98289
21.257511
34.97785
33.902695
48.426357
154.02797
196.00177
102.7336
66.394745
74.41739
123.279396
210.83125
222.45401
166.01021
104.0375
125.2796
182.57426
48.60145
19.257463
33.095222
51.204193
56.748592
33.98325
28.487192
26.44164
23.423424
24.158937
17.255505
38.55744
114.577095
57.082737
47.407623
35.597557
26.284435
38.4149
38.20114
70.635414
157.41997
186.72961
124.08681
101.40601
114.36853
156.11647
215.7565
205.63528
165.33907
137.2289
178.06927
203.38354
71.41996
17.64118
27.951603
31.681992
36.910908
20.3038
23.630978
25.884338
23.616974
23.329588
13.58361
52.204784
149.88193
106.4252
101.57231
68.88995
35.059483
39.13449
37.976303
63.315174
116.18518
147.36003
151.84023
162.80298
163.8298
177.395
196.9363
184.93965
165.89973
177.66177
201.39912
186.24506
68.679886
8.134192
19.65108
16.566113
23.673553
16.342684
24.68363
31.382414
29.229275
23.288382
17.821814
72.63557
182.63324
149.13435
140.10883
95.76671
50.38331
34.79572
19.469702
25.130169
58.20836
122.997215
178.27965
194.729
185.11058
192.40466
203.02142
201.23433
195.07716
194.91708
178.62483
152.19104
66.5165
16.573744
27.729939
29.078117
35.284683
31.899029
32.455486
37.484226
26.967196
21.072617
34.652763
94.15039
199.89772
157.80627
152.7318
119.95346
73.87586
40.35749
11.335779
23.06113
69.86545
143.2829
195.93706
189.83054
172.56148
192.85843
198.75267
184.25488
178.08298
179.53528
166.35892
152.37366
70.74562
25.526186
28.208086
22.9586
34.91394
44.205914
51.20952
55.209354
30.12572
21.619404
44.12059
104.63142
196.76302
148.0352
139.64561
119.58793
87.71319
55.633797
38.93087
64.99461
113.82262
157.86768
182.23404
158.85675
144.00137
188.7872
186.28746
170.76892
176.1914
184.42456
178.50145
148.99123
49.06577
15.36585
14.010243
42.153374
60.740837
78.89748
87.00021
68.62281
29.864723
18.877064
59.444824
114.42439
176.96992
129.24567
123.79082
121.40406
117.23335
97.98044
98.52318
126.402176
155.50623
162.62085
157.04124
116.684654
116.39406
189.28555
193.17017
181.2661
191.04022
188.9911
177.94623
138.08823
59.208027
45.873493
79.52146
130.3554
130.09164
114.18401
105.49578
56.48655
8.997206
18.325764
80.57988
123.71483
154.14969
123.81311
132.09346
141.17018
145.30156
132.68314
149.12404
169.55766
178.77219
158.85823
145.04909
96.60949
109.14756
182.34583
176.4727
172.49413
189.65543
195.50073
195.8591
173.94789
130.09296
136.34262
174.22415
207.18173
168.78702
140.05229
121.54269
44.81111
0.0
41.24362
105.97144
126.949814
139.34386
121.115326
124.134705
128.14503
130.20433
148.41473
178.75305
187.43135
190.95044
184.41263
170.52342
124.008606
128.01016
183.22827
186.58498
196.50348
212.77141
215.15501
216.04584
210.15636
198.03818
201.99995
222.00458
222.5481
179.18364
157.29784
131.6216
29.37819
16.62915
80.24367
123.879684
124.68878
133.34158
122.79715
117.568375
109.023735
124.98085
163.05672
188.30266
189.48895
195.06975
197.89102
192.27956
146.36902
157.15921
193.17339
194.9153
206.35541
216.4555
217.71968
218.42049
215.93362
211.58739
214.59912
222.04396
215.0869
184.35817
162.49814
109.16894
23.604076
55.58904
118.54148
129.73566
127.37724
132.15463
125.99111
117.421104
110.32252
137.69756
179.48285
192.70956
190.18713
196.07549
200.68425
187.11272
166.1325
183.33447
196.78217
184.43695
197.94617
214.9849
221.11815
217.2849
210.89615
210.30568
214.36526
220.25488
215.04886
190.1336
158.45294
91.94469
59.90314
112.61744
137.26021
130.73389
134.29828
136.69263
128.36589
105.92302
110.24476
155.50195
193.37512
203.0576
198.22815
197.16954
202.36353
192.8064
179.99045
196.08395
189.88608
171.5282
197.13744
216.95569
217.52594
207.36862
203.61485
208.16005
213.11873
218.42834
216.17818
192.88676
155.24002
105.01347
115.132965
150.96373
146.49355
143.86253
147.72394
143.95839
152.24171
147.07642
183.29349
236.72447
261.22226
266.76685
259.43506
256.17538
261.25775
249.48605
230.97926
234.2272
228.9281
226.13524
249.4006
260.44205
252.39505
245.79427
252.17563
263.4791
271.22806
276.52515
271.4677
242.32263
196.25763
165.61287
188.32828
202.42668
200.30885
199.6843
147.9602
