0.0
0.0
6.372753
0.0
0.0
0.0
0.0
0.0
148.59088
35.346043
0.0
0.0
0.0
0.0
0.0
0.0
0.0
0.0
31.01287
6.2870216
0.0
0.0
0.0
0.0
200.6521
70.22482
0.0
0.0
0.0
0.0
0.0
18.278702
0.0
0.0
41.760162
0.0
0.0
0.0
0.0
39.38421
201.55533
59.718956
0.0
0.0
0.0
0.0
0.0
9.359772
0.0
0.0
17.307537
0.0
0.0
0.0
0.0
74.08191
153.06688
57.11521
27.933289
0.0
0.0
0.0
0.0
14.84268
0.0
1.989088
25.487799
0.0
0.0
0.0
0.0
83.74504
169.2419
60.667385
22.649908
0.0
0.0
0.0
0.0
0.0
0.0
9.664146
10.216831
0.0
0.0
0.0
0.0
62.277138
137.7485
98.43799
24.0311
0.0
0.0
0.0
0.0
0.0
0.0
0.0
0.0
0.0
0.0
0.0
0.0
0.0
146.91602
154.5958
13.262282
0.0
0.0
0.0
0.0
11.528445
0.0
0.0
0.0
0.0
0.0
0.0
0.0
0.0
58.36843
93.762856
25.581715
18.103216
0.0
1.9955883
0.0
15.028917
0.0
23.797464
0.0
0.0
0.0
0.0
0.0
0.0
29.635498
64.79846
102.55615
37.277752
0.0
2.0191746
0.0
8.8146515
0.0
26.420395
51.869667
0.0
0.0
0.0
0.0
0.0
0.0
8.452255
127.66634
90.37575
0.0
0.0
0.0
0.0
0.0
36.4263
67.93147
0.0
0.0
0.0
0.0
0.0
0.0
0.0
171.96948
70.1138
0.0
5.7144756
10.563189
0.0
0.0
0.0
25.805374
0.0
0.0
0.0
0.0
0.0
0.0
0.0
137.538
13.215355
0.0
39.03554
24.324076
0.0
0.0
0.0
0.0
0.0
0.0
0.0
0.0
0.0
0.0
0.0
29.322037
0.0
0.0
63.290493
5.537327
19.892038
0.0
0.0
0.0
0.0
0.0
1.9879608
0.0
0.0
0.0
0.0
24.230232
0.0
0.0
94.93548
0.0
51.07365
0.0
0.0
0.0
0.0
0.0
0.0
0.0
0.0
0.0
0.0
0.0
0.0
0.0
51.456764
0.0
34.152657
0.0
0.0
0.0
0.0
0.0
0.0
0.0
0.0
0.0
0.0
0.0
0.0
0.0
12.748611
0.0
19.088524
