70.19388
54.579346
0.0
72.60685
114.70787
133.76949
72.62202
67.48077
153.55629
85.47531
161.39183
190.9871
116.870964
173.02197
149.6939
75.44988
54.838375
0.0
62.37541
83.40299
77.68005
64.212555
110.65849
44.735676
0.0
0.0
125.27789
55.846516
11.544969
13.403392
78.200096
50.588387
0.0
3.3900533
67.47095
54.032505
80.70167
0.0
57.69746
10.272083
0.0
29.262716
0.0
18.330044
82.40994
0.0
0.0
0.0
0.0
107.06776
138.70201
165.30495
110.09063
105.96146
118.51452
127.33282
292.06842
477.7738
502.54504
545.9839
541.31616
532.93176
444.4287
161.30177
