98.24317
126.91593
117.89047
153.55629
21.293129
126.851944
56.31421
0.0
227.72247
282.99677
102.32149
229.07808
141.90024
91.01485
318.2587
135.29367
0.0
90.47719
0.0
190.9871
88.9674
0.0
289.70663
0.0
421.1734
713.2736
101.40532
133.12816
11.894183
174.54916
190.05653
360.2403
0.0
239.78177
317.32776
173.02197
70.47318
347.3208
0.0
0.0
9.256696
469.37698
545.9898
350.14243
108.85338
144.9686
387.48917
0.0
67.90096
112.454865
100.36639
149.6939
0.0
147.01247
39.269073
0.0
112.8517
81.77219
22.616959
52.586464
62.257748
72.506676
196.79715
63.238308
77.30257
63.54472
0.0
54.838375
83.01335
50.090233
38.636665
28.698635
403.94687
307.09845
34.487946
191.14594
24.10152
59.73379
249.27707
81.98898
54.139225
95.75562
0.0
125.27789
0.0
78.25695
246.4728
0.0
496.6902
685.66705
258.83487
272.3406
0.0
177.25336
329.7222
340.8595
0.0
314.55936
240.21965
77.68005
9.514002
237.36328
55.890285
0.0
63.333115
459.95993
422.1171
280.43057
6.60379
119.00081
458.8558
59.52049
47.800804
90.82777
44.101696
110.65849
19.61367
96.83875
36.841583
3.1552663
103.95031
126.44089
94.160995
48.7804
52.575592
3.4013681
185.05919
52.031532
0.0
163.1452
0.0
29.262716
75.760574
0.0
39.52707
0.0
386.818
486.1241
185.1966
208.05466
21.071918
4.5853605
263.04593
244.74167
27.252249
177.06
0.0
67.47095
0.0
0.0
111.79012
0.0
437.03955
585.21045
189.47757
242.09602
124.60346
73.49613
407.70926
238.1824
0.0
261.12207
6.016224
82.40994
0.0
31.81202
216.95128
0.0
216.12885
601.67914
384.78888
211.27019
52.420193
97.535416
316.0975
156.10938
0.0
142.07553
72.60888
57.69746
52.187218
0.0
114.77505
1.8683974
69.67354
245.27155
302.2093
100.27142
0.0
21.437147
239.42264
37.287647
103.40809
353.12714
0.0
477.7738
90.94693
271.59738
174.01913
0.0
397.09515
400.70755
49.752514
118.64268
431.77847
64.8017
452.09363
270.35236
85.08271
367.7749
0.0
545.9839
25.29374
387.34128
139.89734
29.51482
535.4044
488.60135
76.20915
67.984406
590.38184
76.4404
515.6237
177.5028
98.07754
461.86423
0.0
541.31616
0.0
427.91766
292.83716
23.849064
431.16852
497.0388
146.67723
35.384808
568.21655
64.80699
449.8597
143.05809
8.382288
457.8858
219.51189
444.4287
0.0
533.8169
223.18184
30.22506
234.97653
389.93176
220.62872
46.82758
504.1247
67.169235
409.24887
125.196815
