150.64688
130.2751
83.30592
79.02146
65.57118
142.40706
309.21378
309.82907
82.3822
52.24787
73.30568
75.57925
58.70285
49.46417
49.933796
44.351505
146.49261
150.42586
85.09006
58.008415
44.547714
189.07262
498.1899
458.7106
115.21741
49.130024
54.31163
67.78215
68.155045
77.04171
66.834885
60.592674
144.49524
144.33943
74.66719
42.38774
60.89393
170.54155
507.2697
423.84128
105.1007
42.787735
46.72168
59.429504
54.725586
84.212616
86.25331
63.9364
127.8539
95.69835
36.996
68.61854
115.56559
230.7593
448.90143
279.63483
96.550735
73.409134
32.944016
48.826405
44.733562
68.34643
82.74525
89.09066
80.85275
55.163624
32.787426
75.20118
131.16171
354.2128
473.92148
239.98169
139.2865
97.551315
26.7228
38.602978
47.08504
44.68173
64.337
92.388725
61.802876
44.226265
31.2096
49.179134
216.3699
416.7017
469.7872
395.6994
152.93712
78.79807
39.915375
65.82624
55.189896
47.03504
46.254696
98.124596
61.779015
57.15178
52.175377
55.603687
315.27304
438.5039
463.29892
458.92026
228.8503
31.235973
59.347862
70.23166
55.923794
58.119568
62.215843
98.42409
54.828293
59.21959
72.27042
105.34146
309.3933
348.0281
414.61203
449.92694
252.40121
37.949142
66.253975
63.588547
52.05889
60.241726
63.155636
46.28263
68.119
69.98753
77.83202
181.55334
294.94077
180.06375
224.01283
382.43182
266.46704
196.61464
106.43496
85.74192
88.33165
72.00269
56.241554
33.71489
135.24422
80.542206
75.736275
209.95837
352.33255
234.89598
310.7584
420.7841
345.3206
378.7694
136.46426
99.90587
95.09076
72.63502
59.292633
62.847603
275.63824
209.08255
79.55535
176.87122
349.59915
366.99423
410.58917
446.49365
418.16837
402.55426
142.65341
68.59801
63.910408
64.07861
58.21134
111.61547
342.421
308.88605
159.5042
140.03055
326.11142
401.85922
434.60638
438.54633
427.82077
390.67526
141.64049
106.2295
139.23929
129.30414
73.21046
158.20395
320.34006
297.39062
263.2399
314.52023
347.9909
303.04144
413.2363
431.0018
449.7274
429.94888
245.51996
305.26233
296.68362
191.78506
118.3762
208.73022
267.38416
264.21533
360.36545
429.93982
437.25018
381.79156
399.00568
451.2634
494.55515
494.24454
453.0261
479.2158
418.9611
214.94489
211.51495
264.5039
239.11896
256.653
419.39932
454.06317
463.12756
427.0613
420.51093
468.66528
506.8242
502.89764
505.50742
511.94626
438.95218
257.38287
297.1788
310.98297
227.33371
311.51974
453.30124
473.42242
468.01514
433.7124
428.80283
461.63834
483.92346
477.3173
506.69406
516.56104
441.72708
291.67578
327.77057
329.74994
