200.41817
124.56698
453.08725
573.4269
255.6885
140.90189
153.28406
142.17996
153.25534
157.52771
566.2267
523.60077
256.3203
87.73501
146.56572
153.15244
87.54148
206.91199
578.43945
583.7274
243.08679
110.22175
96.27161
147.18333
97.94974
363.4092
561.3212
644.64435
361.39056
87.61413
104.02842
108.60284
166.26822
376.9278
523.9844
577.32635
601.81775
224.52551
115.032486
124.451836
369.04675
443.99115
610.1622
671.1206
641.497
365.93445
241.04614
214.9879
460.21954
619.1743
639.7091
675.531
695.18585
687.09326
504.88165
361.99377
560.9744
706.7762
694.01447
733.75995
775.4669
810.8996
564.42456
479.0117
