49.837185
29.220034
0.0
297.54047
48.162434
0.0
0.0
48.417946
71.9019
19.784206
19.293377
286.57608
57.19692
0.0
0.0
62.849125
31.320599
5.7260184
35.697956
274.54443
73.37364
17.510653
16.69803
33.217937
20.571812
17.058735
37.75263
190.2643
219.58469
37.66598
26.034355
7.6667876
147.24161
0.0
167.92886
131.84886
246.18906
115.289566
37.749924
32.4776
157.50702
72.99665
120.45969
95.65292
224.2638
156.75636
122.28337
56.034756
70.73331
78.2711
99.10235
101.9536
197.14838
168.22452
142.00401
163.64296
34.765125
49.805286
40.755802
0.0
34.20966
54.999363
96.303955
149.33441
