83.69114
63.173027
0.0
0.0
70.19634
61.015907
73.42888
58.91073
68.6036
38.803303
5.6057096
1.520657
44.795742
29.276352
70.62765
60.40352
61.45608
0.0
0.0
36.58256
43.37296
20.376965
26.905628
50.08466
5.7120595
0.0
21.93835
86.330795
21.4472
0.0
0.0
32.236885
0.0
16.213703
52.729412
53.02464
0.0
63.31262
9.870377
13.391026
6.37196
54.540295
20.959782
29.957928
3.828053
45.283436
0.0
0.0
69.58591
0.0
13.534008
18.35162
0.0
0.0
0.0
0.0
125.357635
201.43413
220.56656
212.7401
211.80466
224.40695
204.3371
184.63234
