132.31514
140.88141
122.25266
74.68326
65.54579
38.27066
131.99324
124.89484
43.88509
31.967064
58.639755
88.625435
108.91659
115.65164
112.92246
112.726746
134.55858
146.96542
116.66466
40.950558
36.665855
52.876896
221.39365
225.10045
53.093277
24.988607
27.819435
57.227203
92.21786
117.23299
120.891716
124.43082
104.08774
143.3081
99.3274
22.104593
28.486465
47.695774
251.19383
236.19731
23.83973
13.309788
17.959255
27.575823
29.657679
99.43619
127.84991
127.64053
101.42801
122.23038
34.913067
13.664774
49.94843
28.285585
259.44543
171.60747
29.950857
36.32101
14.916497
25.34365
17.351818
36.64405
109.58774
121.85506
75.09923
57.844837
26.145357
34.139984
87.64251
103.92283
239.43323
112.21609
106.179
74.18218
13.839875
14.7464695
20.087809
22.822388
24.866636
75.14563
40.801754
20.11248
22.342001
22.824924
45.258545
205.0071
224.57272
176.58983
71.57582
45.05788
19.287205
29.25724
23.457603
20.91207
20.724216
84.36036
49.84851
18.714766
22.92569
21.558102
128.46008
194.51447
192.39197
195.93518
120.65453
11.709441
22.39523
36.629517
27.786606
15.375132
28.60953
84.82959
40.181347
31.64411
32.09034
22.433693
177.18172
198.96423
207.09404
201.56459
148.89119
10.6615305
27.904797
34.721306
19.146214
30.532747
33.02867
40.36001
47.218483
33.30589
35.775524
44.60171
143.3791
58.405964
69.056625
185.62646
136.66559
109.13757
63.299965
28.549978
39.390785
31.534357
23.728373
14.38754
84.896935
32.253826
34.97785
48.426357
196.00177
102.7336
123.279396
222.45401
166.01021
182.57426
57.783028
51.204193
56.748592
32.896286
24.720219
38.55744
149.88193
101.57231
39.13449
70.635414
186.72961
162.80298
177.395
215.7565
177.66177
203.38354
71.41996
31.681992
36.910908
31.382414
29.229275
72.63557
199.89772
152.7318
73.87586
25.130169
143.2829
195.93706
192.85843
203.02142
195.07716
178.62483
70.74562
29.078117
44.205914
55.209354
30.12572
104.63142
196.76302
139.64561
117.23335
126.402176
162.62085
182.23404
189.28555
193.17017
191.04022
178.50145
59.208027
130.3554
130.09164
105.49578
29.864723
123.71483
154.14969
141.17018
148.41473
187.43135
190.95044
170.52342
183.22827
196.50348
215.15501
216.04584
201.99995
222.5481
179.18364
131.6216
80.24367
126.949814
133.34158
117.568375
179.48285
192.70956
200.68425
192.27956
196.78217
206.35541
221.11815
218.42049
214.59912
222.04396
190.1336
109.16894
137.26021
134.29828
152.24171
183.29349
261.22226
266.76685
261.25775
249.48605
234.2272
249.4006
260.44205
252.17563
271.22806
276.52515
242.32263
188.32828
202.42668
199.6843
