96.87442
107.54079
150.34404
58.425823
74.48419
24.611233
47.911716
281.06036
328.63757
1.307779
21.546345
36.22276
41.34355
52.864845
56.706722
105.294754
64.74182
133.05232
159.06752
65.25814
49.517708
0.0
95.720604
481.36835
404.65433
7.646347
37.594006
38.776543
33.025906
49.50882
61.636425
117.15508
0.0
164.98598
128.67632
67.498924
27.82006
67.6003
80.46945
489.02283
276.41544
44.057068
26.002794
37.52953
47.42248
14.320088
64.89927
125.99047
36.72172
147.0763
67.95785
18.989296
42.118187
82.06044
271.18744
541.07263
76.607025
87.401436
50.003887
16.498592
26.906162
30.013489
21.382444
118.92654
75.485596
75.485275
41.9735
5.452506
64.49221
66.48621
340.66724
509.81546
73.50749
152.28389
66.139465
12.86806
26.9198
41.01444
38.951794
83.25164
55.370583
42.776146
36.823986
34.35022
0.0
139.54546
277.7688
367.4374
311.56802
129.09663
13.547799
13.995568
51.16667
32.559048
27.341501
82.645454
60.014343
45.47911
43.424557
32.40819
0.0
214.61467
244.73601
326.8116
375.94003
117.1941
4.0554156
49.670673
61.96092
25.09153
52.515053
71.17943
29.113182
44.302315
41.16084
47.23759
94.58791
271.74292
182.37752
288.0926
417.19418
118.35534
26.394833
50.31206
51.26516
37.93127
54.007477
44.745823
51.131145
42.733448
38.356457
28.045015
221.40128
299.35736
102.198006
112.39947
363.90912
74.54978
248.02988
58.60311
70.37231
56.233837
49.24172
40.42901
160.37575
99.91504
34.519577
32.340305
192.75789
347.23007
63.131588
255.42546
340.651
279.66287
411.7719
28.149315
89.10351
58.25199
42.36373
51.961327
183.14087
233.40103
158.13716
38.661255
120.12476
218.92476
201.11443
270.6313
287.3879
346.91495
410.77396
30.028072
47.679394
35.042168
46.853344
75.16218
247.56172
251.76215
216.06238
75.10807
33.611485
229.637
228.55302
277.06854
252.01881
342.50955
321.8609
37.512547
49.07864
119.49186
112.859856
129.43477
241.4871
202.32257
177.15292
100.815346
217.4853
284.7137
112.039955
249.39119
246.00923
354.45084
309.68964
100.60401
220.09923
252.53583
119.40654
211.62248
172.72981
168.72226
124.384514
209.95203
247.28302
284.62933
164.30472
212.9132
264.33472
284.46182
270.70795
301.63086
329.7519
341.40237
52.151363
295.70337
145.40503
156.88971
107.80442
266.177
262.43945
299.15024
263.5035
246.67393
284.63312
298.8903
281.1058
313.50784
350.96625
340.91342
144.10706
334.3164
147.3386
135.01323
163.29408
282.8949
267.9572
291.93176
261.2647
237.95094
289.17896
286.7409
260.56406
311.0963
347.43225
245.20145
184.06432
361.96954
