56.921246
57.088287
42.160362
46.738956
40.69652
27.471039
75.916405
100.07918
31.534393
31.429861
51.62017
51.10603
30.209934
20.710014
21.132883
20.284767
0.0
0.0
0.0
0.0
10.9294195
25.797792
65.07922
71.47137
60.68424
13.397538
7.6936526
0.0
0.0
0.0
0.0
0.0
0.0
0.0
2.491052
9.149583
10.141716
5.1747475
1.5184968
48.506374
41.627506
2.3729596
10.538748
13.623225
5.3170815
0.0
0.0
0.0
0.0
0.0
0.0
11.36032
10.306596
12.517816
0.0
24.702803
11.026028
5.16495
0.0
11.2028675
13.252846
4.1903257
0.0
0.0
0.0
0.0
11.397971
15.8068
21.35412
42.349667
45.732647
39.11472
41.767605
33.16951
7.6076937
7.0686865
7.9393826
12.538946
2.7359984
0.0
8.717531
9.781888
1.0309105
0.0
37.682755
19.658047
54.70099
86.773285
10.438775
5.827627
2.5118427
10.462428
5.776878
9.091431
15.799539
22.644218
0.0
12.249982
2.1900506
11.113845
26.00006
20.725498
22.068802
67.142204
39.72886
8.781077
8.63134
5.919184
8.82697
7.083227
3.1171677
0.0
1.799577
11.066706
10.500537
8.852184
7.917782
53.91077
62.49093
42.12179
39.81441
15.3329935
0.6621887
2.583468
2.288961
7.294236
12.455918
0.0
0.0
10.654602
11.507291
28.425232
7.602416
8.071954
20.499767
1.1861374
43.057465
63.905396
34.246025
15.876419
9.380981
14.774089
5.5724115
0.0
0.0
0.4471783
3.7438788
4.793419
45.712967
63.67147
36.76296
54.17093
61.562763
41.60539
29.569265
6.8497267
10.667103
7.1046486
9.35982
15.691318
58.71773
40.55422
0.0
7.4135666
28.742216
50.330223
45.791664
11.840588
45.628403
52.846806
40.84475
0.0
0.0
0.07971281
5.012352
11.134993
42.535908
52.0171
33.25527
0.0
0.0
37.63266
47.67035
42.247086
40.905483
12.747697
26.030249
11.48075
17.278772
12.65162
6.064431
11.768112
12.197465
15.93524
47.729275
48.87509
21.789658
0.0
0.0
31.825468
23.033447
26.071863
27.292194
44.443268
50.735107
16.734636
15.487677
1.2286389
1.0790808
19.362452
40.003567
35.34369
45.417366
57.576664
10.294131
26.944223
31.231308
73.97261
73.65697
57.60032
57.154514
33.05873
20.840506
10.277192
0.0
6.782118
4.3339777
16.828424
22.90513
54.793755
27.868473
18.712992
20.598953
24.331263
26.41387
25.160019
30.365925
41.10452
14.939946
17.723656
49.01981
80.54205
116.874374
125.82637
116.78989
113.770935
97.12404
97.95386
98.36572
100.18513
115.67372
127.417694
122.276726
98.05089
93.776566
92.19171
