155.89258
0.0
47.69916
265.23605
0.0
29.144356
75.72361
96.09809
186.81534
4.798296
182.15755
377.01495
0.0
18.647648
89.50972
116.904884
102.167015
0.94052416
225.95467
218.90012
0.0
30.446327
12.07916
64.61473
39.627285
78.36777
251.07468
140.52632
0.0
29.509207
9.840456
36.200752
99.60934
127.11953
204.3146
156.93265
90.51961
0.0
19.158394
9.013494
215.36612
64.83133
185.27084
123.23738
111.454025
0.0
47.91837
36.28522
230.1158
139.00365
163.90602
119.43945
124.38935
111.61482
67.27817
56.61237
160.71878
163.3507
76.403824
115.834915
110.47744
104.810036
21.865211
106.36857
