37.022087
126.09002
40.742344
0.0
246.03632
2.1139646
46.32119
77.48043
49.96542
140.12521
22.861036
184.01181
317.49155
66.005455
34.59548
62.545742
53.81611
57.080345
0.0
78.85671
234.73181
88.315544
21.124393
24.256575
26.551777
24.760029
62.575905
165.41483
256.2672
50.941097
20.51504
34.530968
55.693966
86.190125
172.68457
175.95169
66.27726
218.02388
37.066437
25.088667
89.85738
139.02907
61.515533
97.762146
86.33819
250.64542
13.535323
57.7851
143.70807
54.760075
97.25622
130.6474
90.67854
99.79916
171.9462
129.14995
92.53063
11.428286
73.73772
104.86508
100.24098
92.78383
153.7456
95.18612
