132.67314
185.6477
22.027267
220.60016
319.77457
77.22983
85.49273
122.034424
136.90259
162.77228
0.0
379.27884
358.91992
48.045067
49.81714
114.508484
102.88931
45.684677
0.0
197.57959
203.36383
71.4633
30.02584
86.17241
27.283197
0.0
185.0923
237.68622
243.37155
25.967424
30.461979
88.58452
32.202316
0.0
149.73845
84.588806
126.42222
203.6577
54.694702
49.231056
171.93253
55.478577
115.577225
154.20435
215.70885
246.26901
0.0
48.162956
196.09396
23.119118
97.2861
144.83826
158.58102
55.497177
167.17578
106.19246
220.78099
408.47763
452.93585
420.49005
461.2244
486.5618
481.59906
335.4895
